1 0.7114583 0.5407407 0.3229166 0.3481481
0 0.4739583 0.4592592 0.0895833 0.1111111
0 0.4802083 0.3314814 0.0479166 0.0481481
1 0.4 0.3703703 0.1166666 0.1555555
0 0.303125 0.3037037 0.0354166 0.037037
0 0.2979166 0.3333333 0.0375 0.0518518
0 0.28125 0.3666666 0.05 0.0666666
0 0.2947916 0.4574074 0.0729166 0.1074074
0 0.2052083 0.3555555 0.04375 0.0666666
0 0.1864583 0.4425925 0.0645833 0.0851851
0 0.2135416 0.2907407 0.0270833 0.0259259
0 0.2385416 0.2925925 0.0229166 0.0296296
0 0.265625 0.2925925 0.0270833 0.0296296
0 0.125 0.3129629 0.0291666 0.0407407
0 0.1479166 0.2888888 0.0375 0.0296296
0 0.1177083 0.2888888 0.0270833 0.0296296
0 0.0833333 0.2907407 0.0208333 0.0259259
1 0.7479166 0.3277777 0.1333333 0.1296296
0 0.1739583 0.6222222 0.18125 0.3777777
2 0.4802083 0.2907407 0.0645833 0.0777777
