0 0.9302083 0.7074074 0.1145833 0.237037
0 0.9322916 0.3129629 0.0145833 0.0259259
0 0.440625 0.3759259 0.09375 0.0777777
0 0.953125 0.4851851 0.0479166 0.0962962
0 0.9552083 0.3962962 0.0354166 0.0666666
0 0.8864583 0.324074 0.0270833 0.0333333
0 0.2677083 0.4314814 0.1270833 0.1
0 0.21875 0.4185185 0.1083333 0.0888888
0 0.3802083 0.3574074 0.0979166 0.0925925
0 0.3333333 0.4962962 0.1333333 0.1481481
0 0.8354166 0.3111111 0.0375 0.074074
2 0.8552083 0.274074 0.0145833 0.0222222
0 0.9260416 0.324074 0.01875 0.0259259
0 0.8010416 0.3907407 0.0604166 0.0777777
