1 0.771875 0.5574074 0.3645833 0.3814814
0 0.490625 0.474074 0.09375 0.1185185
1 0.4125 0.3759259 0.125 0.1666666
0 0.4666666 0.324074 0.0375 0.0481481
0 0.3489583 0.3074074 0.03125 0.0444444
0 0.2947916 0.2962962 0.03125 0.0296296
0 0.3083333 0.3407407 0.0416666 0.0592592
0 0.2895833 0.3759259 0.05 0.0703703
0 0.29375 0.4574074 0.075 0.1
0 0.2114583 0.3666666 0.0479166 0.074074
0 0.265625 0.2944444 0.0270833 0.0259259
0 0.2395833 0.2925925 0.0208333 0.0296296
0 0.2135416 0.2962962 0.0270833 0.0296296
0 0.1677083 0.2888888 0.0354166 0.0296296
0 0.1270833 0.2888888 0.0291666 0.0222222
0 0.1302083 0.3185185 0.03125 0.0444444
0 0.0895833 0.2925925 0.025 0.0296296
0 0.0552083 0.2925925 0.0229166 0.0296296
0 0.184375 0.437037 0.0645833 0.074074
1 0.7479166 0.3277777 0.1333333 0.1296296
2 0.4802083 0.2888888 0.0604166 0.0814814
0 0.196875 0.6481481 0.2020833 0.4074074
