0 0.3197916 0.2129629 0.03125 0.0481481
0 0.3395833 0.2296296 0.0333333 0.0592592
2 0.359375 0.2444444 0.0395833 0.0666666
0 0.49375 0.4129629 0.1166666 0.1518518
0 0.6447916 0.6388888 0.2104166 0.3
0 0.33125 0.174074 0.0208333 0.0296296
0 0.3489583 0.1907407 0.0270833 0.0333333
0 0.2552083 0.1796296 0.0229166 0.0259259
1 0.2520833 0.1518518 0.0166666 0.0296296
0 0.225 0.1629629 0.025 0.0222222
2 0.278125 0.15 0.01875 0.0259259
0 0.2833333 0.1611111 0.025 0.0259259
0 0.31875 0.1555555 0.0166666 0.0222222
0 0.334375 0.1592592 0.01875 0.0222222
0 0.3572916 0.1629629 0.01875 0.0222222
0 0.371875 0.1611111 0.0145833 0.0185185
0 0.4114583 0.1796296 0.0229166 0.0333333
0 0.384375 0.1851851 0.0270833 0.0296296
0 0.4541666 0.2166666 0.0416666 0.0407407
0 0.5510416 0.3629629 0.0979166 0.1111111
0 0.721875 0.3814814 0.0520833 0.0888888
2 0.4229166 0.3111111 0.0833333 0.1259259
0 0.39375 0.2296296 0.0416666 0.0518518
0 0.65 0.3388888 0.125 0.1962962
