0 0.6510416 0.5925925 0.1604166 0.2444444
0 0.5208333 0.4685185 0.1625 0.1888888
0 0.7875 0.274074 0.0416666 0.0666666
0 0.7989583 0.2351851 0.0270833 0.0407407
0 0.8052083 0.2111111 0.01875 0.037037
0 0.7208333 0.2518518 0.0458333 0.0592592
2 0.78125 0.1888888 0.0333333 0.0592592
2 0.7614583 0.1796296 0.0229166 0.0407407
0 0.725 0.1833333 0.025 0.0333333
0 0.69375 0.1925925 0.0333333 0.037037
0 0.69375 0.1648148 0.025 0.0259259
0 0.6447916 0.15 0.0145833 0.0259259
0 0.6291666 0.1462962 0.025 0.0407407
0 0.5958333 0.1518518 0.025 0.0222222
0 0.5541666 0.1703703 0.0416666 0.037037
0 0.459375 0.1203703 0.0395833 0.0333333
0 0.4447916 0.1425925 0.04375 0.0407407
