0 0.7677083 0.4296296 0.11875 0.1037037
0 0.4427083 0.2111111 0.0395833 0.037037
0 0.4854166 0.2351851 0.0625 0.1074074
0 0.3666666 0.2018518 0.0333333 0.0407407
0 0.3791666 0.174074 0.025 0.0296296
0 0.3447916 0.1611111 0.01875 0.0259259
0 0.3260416 0.1703703 0.0229166 0.0296296
0 0.2947916 0.1611111 0.0229166 0.0259259
0 0.2729166 0.2 0.0291666 0.037037
0 0.2458333 0.1814814 0.0208333 0.0296296
2 0.2802083 0.15 0.01875 0.0259259
0 0.6427083 0.6388888 0.2145833 0.3
0 0.4927083 0.4129629 0.11875 0.1518518
2 0.3604166 0.2444444 0.0416666 0.074074
0 0.3385416 0.2296296 0.03125 0.0592592
0 0.3197916 0.2129629 0.03125 0.0481481
0 0.2635416 0.1537037 0.0145833 0.0185185
1 0.25 0.15 0.0166666 0.0333333
0 0.4302083 0.2518518 0.0520833 0.0592592
2 0.4229166 0.3092592 0.0833333 0.1222222
