0 0.3197916 0.2129629 0.03125 0.0481481
0 0.3395833 0.2296296 0.0333333 0.0592592
2 0.359375 0.2444444 0.0395833 0.0666666
0 0.49375 0.4129629 0.1166666 0.1518518
0 0.6447916 0.6388888 0.2104166 0.3
0 0.334375 0.1777777 0.0229166 0.0296296
0 0.3541666 0.1944444 0.025 0.0333333
0 0.2520833 0.1759259 0.025 0.0259259
1 0.2520833 0.1518518 0.0166666 0.0296296
0 0.2354166 0.1629629 0.025 0.0222222
2 0.278125 0.1481481 0.01875 0.0222222
0 0.290625 0.1629629 0.0229166 0.0222222
0 0.321875 0.1555555 0.0145833 0.0222222
0 0.3375 0.1629629 0.0166666 0.0222222
0 0.3604166 0.1648148 0.0208333 0.0185185
0 0.375 0.1629629 0.0166666 0.0222222
0 0.4177083 0.1833333 0.0270833 0.0333333
0 0.396875 0.1907407 0.03125 0.0333333
0 0.475 0.2296296 0.0458333 0.0444444
0 0.5895833 0.4018518 0.1125 0.1296296
0 0.8010416 0.4518518 0.1020833 0.1185185
2 0.4229166 0.3111111 0.0833333 0.1259259
0 0.3947916 0.2296296 0.04375 0.0518518
0 0.6979166 0.374074 0.1375 0.2222222
