0 0.5729166 0.3814814 0.1125 0.0814814
0 0.41875 0.3425925 0.0625 0.0555555
0 0.3052083 0.3611111 0.06875 0.0555555
0 0.4864583 0.3111111 0.0604166 0.0444444
0 0.3604166 0.3222222 0.0541666 0.0444444
0 0.3854166 0.2981481 0.0458333 0.0333333
0 0.3677083 0.274074 0.03125 0.0296296
0 0.4229166 0.3018518 0.05 0.0407407
1 0.14375 0.3722222 0.0625 0.1148148
0 0.978125 0.3518518 0.0354166 0.0592592
0 0.9739583 0.3685185 0.0270833 0.0407407
0 0.7666666 0.4 0.1166666 0.0888888
1 0.2020833 0.4166666 0.1291666 0.1814814
1 0.50625 0.6444444 0.4916666 0.5629629
0 0.3114583 0.3074074 0.0520833 0.074074
