2 0.7729166 0.8296296 0.3666666 0.3407407
0 0.3125 0.4074074 0.0916666 0.1851851
0 0.3458333 0.2851851 0.0541666 0.074074
0 0.671875 0.587037 0.19375 0.2481481
0 0.9572916 0.7333333 0.0854166 0.1851851
0 0.946875 0.5537037 0.10625 0.1444444
0 0.9708333 0.437037 0.0583333 0.1407407
0 0.74375 0.3222222 0.075 0.074074
0 0.5125 0.2037037 0.0291666 0.0296296
0 0.4479166 0.1796296 0.025 0.0333333
0 0.30625 0.1796296 0.0208333 0.0333333
1 0.290625 0.1518518 0.01875 0.037037
2 0.3416666 0.1759259 0.0375 0.0703703
0 0.3614583 0.1833333 0.0145833 0.0259259
0 0.309375 0.1629629 0.0145833 0.0148148
0 0.3135416 0.1592592 0.0145833 0.0148148
0 0.365625 0.1592592 0.0145833 0.0222222
0 0.390625 0.1537037 0.0104166 0.0185185
