1 0.1947916 0.4148148 0.1145833 0.1777777
1 0.14375 0.3722222 0.0625 0.1148148
0 0.978125 0.3518518 0.0354166 0.0592592
0 0.4854166 0.3074074 0.0625 0.037037
0 0.9739583 0.3685185 0.0270833 0.0407407
0 0.3 0.3481481 0.0625 0.0296296
0 0.4239583 0.3 0.0520833 0.0444444
0 0.3572916 0.3129629 0.0645833 0.0925925
0 0.321875 0.2888888 0.0270833 0.037037
0 0.3947916 0.2981481 0.0270833 0.0333333
0 0.36875 0.2703703 0.0291666 0.0148148
0 0.49375 0.3592592 0.0791666 0.0666666
0 0.48125 0.3351851 0.0708333 0.0481481
0 0.7166666 0.4222222 0.1333333 0.0962962
2 0.9072916 0.5518518 0.1854166 0.3481481
1 0.425 0.5833333 0.3958333 0.4703703
