0 0.834375 0.0777777 0.0354166 0.0518518
2 0.859375 0.0722222 0.0354166 0.0629629
0 0.7958333 0.0314814 0.025 0.0407407
0 0.8125 0.0518518 0.025 0.037037
0 0.1833333 0.1592592 0.0583333 0.0444444
0 0.0802083 0.2074074 0.0395833 0.0444444
0 0.0572916 0.1962962 0.03125 0.037037
0 0.1197916 0.187037 0.0395833 0.0333333
1 0.1895833 0.324074 0.3791666 0.3592592
0 0.9864583 0.1685185 0.0270833 0.0481481
0 0.975 0.2333333 0.05 0.074074
0 0.8312499 0.1629629 0.1083333 0.0814814
0 0.2625 0.1203703 0.1166666 0.0851851
0 0.5072916 0.1481481 0.0479166 0.074074
2 0.5052083 0.1814814 0.31875 0.237037
