0 0.7125 0.4537037 0.0708333 0.0851851
0 0.5916666 0.5092592 0.075 0.1074074
0 0.5635416 0.6296296 0.1145833 0.1777777
0 0.4604166 0.8555555 0.1916666 0.2888888
0 0.1197916 0.3833333 0.0729166 0.0629629
0 0.1552083 0.3685185 0.0520833 0.0481481
0 0.084375 0.3574074 0.0604166 0.0555555
0 0.0354166 0.3777777 0.0416666 0.0444444
0 0.0135416 0.387037 0.0270833 0.0703703
0 0.5041666 0.3962962 0.0791666 0.074074
0 0.4166666 0.4351851 0.075 0.0925925
0 0.25 0.3018518 0.0375 0.0481481
0 0.2895833 0.2759259 0.025 0.0481481
0 0.9520833 0.3222222 0.05 0.037037
0 0.1677083 0.3518518 0.0729166 0.0518518
0 0.2520833 0.5259259 0.1583333 0.2666666
