0 0.5947916 0.8314814 0.26875 0.337037
2 0.425 0.2611111 0.1083333 0.1518518
0 0.4802083 0.2777777 0.0270833 0.0592592
0 0.31875 0.2222222 0.0333333 0.0444444
0 0.3114583 0.1907407 0.0229166 0.0333333
0 0.30625 0.1703703 0.0208333 0.0222222
0 0.3291666 0.1666666 0.0208333 0.0222222
1 0.278125 0.1611111 0.0270833 0.0555555
0 0.7927083 0.3111111 0.0729166 0.0962962
0 0.7854166 0.35 0.075 0.0703703
0 0.6447916 0.2851851 0.0604166 0.0592592
0 0.4895833 0.2296296 0.0375 0.0444444
0 0.5333333 0.2092592 0.0375 0.0407407
0 0.4458333 0.174074 0.0166666 0.0222222
0 0.4135416 0.1629629 0.0145833 0.0222222
