0 0.846875 0.724074 0.2229166 0.2851851
0 0.934375 0.4592592 0.0895833 0.0814814
0 0.7760416 0.4166666 0.10625 0.0925925
0 0.6010416 0.2185185 0.0395833 0.0592592
2 0.525 0.2111111 0.0291666 0.0444444
0 0.478125 0.1907407 0.0229166 0.0259259
0 0.4270833 0.1685185 0.0166666 0.0259259
0 0.39375 0.174074 0.0166666 0.0222222
0 0.365625 0.1592592 0.0145833 0.0222222
1 0.3010416 0.2703703 0.0895833 0.1703703
0 0.3489583 0.2611111 0.0270833 0.0629629
0 0.3239583 0.2092592 0.0270833 0.0333333
0 0.3385416 0.187037 0.0229166 0.0333333
0 0.3083333 0.1629629 0.0166666 0.0222222
