0 0.009375 0.3814814 0.0145833 0.037037
0 0.078125 0.2777777 0.03125 0.0518518
0 0.3 0.3648148 0.075 0.1592592
2 0.7020833 0.7907407 0.3208333 0.4185185
0 0.5895833 0.5 0.1625 0.1925925
0 0.8833333 0.65 0.1875 0.2333333
0 0.3375 0.2703703 0.0458333 0.0666666
2 0.3385416 0.174074 0.0354166 0.0666666
0 0.3572916 0.1814814 0.0145833 0.0296296
0 0.3052083 0.1796296 0.01875 0.0259259
1 0.2916666 0.15 0.0208333 0.0407407
0 0.3083333 0.1648148 0.0166666 0.0185185
0 0.7833333 0.3462962 0.0791666 0.0777777
0 0.5260416 0.2111111 0.03125 0.0296296
0 0.4541666 0.1833333 0.025 0.0333333
0 0.9822916 0.4537037 0.0354166 0.1148148
