0 0.4270833 0.3907407 0.0916666 0.137037
0 0.3885416 0.2703703 0.05625 0.0666666
0 0.3083333 0.2037037 0.025 0.037037
1 0.2708333 0.1944444 0.0416666 0.0851851
0 0.321875 0.1851851 0.0229166 0.0296296
0 0.3291666 0.1703703 0.0166666 0.0222222
0 0.3135416 0.1555555 0.0145833 0.0222222
0 0.365625 0.1592592 0.0145833 0.0222222
0 0.4197916 0.1629629 0.0104166 0.0148148
0 0.4114583 0.1851851 0.01875 0.0296296
0 0.4510416 0.1722222 0.01875 0.0259259
0 0.4697916 0.1925925 0.0270833 0.0296296
0 0.5583333 0.2259259 0.0375 0.037037
0 0.6635416 0.2481481 0.0520833 0.074074
2 0.7072916 0.3037037 0.05625 0.0666666
