0 0.8479166 0.4185185 0.1083333 0.0888888
1 0.746875 0.3277777 0.1395833 0.1296296
0 0.7 0.4388888 0.0916666 0.0925925
0 0.5458333 0.374074 0.0666666 0.074074
0 0.5677083 0.4629629 0.09375 0.1037037
1 0.446875 0.3944444 0.1354166 0.1962962
0 0.3604166 0.3907407 0.0458333 0.0703703
1 0.3364583 0.3388888 0.0895833 0.1222222
0 0.2708333 0.4222222 0.0666666 0.0814814
0 0.1729166 0.4092592 0.0541666 0.0777777
0 0.2677083 0.2925925 0.0270833 0.0296296
0 0.228125 0.2925925 0.0270833 0.0296296
0 0.15 0.3074074 0.0291666 0.0444444
0 0.1739583 0.3055555 0.0270833 0.0333333
0 0.10625 0.2944444 0.0291666 0.0333333
0 0.1927083 0.287037 0.0270833 0.0259259
0 0.084375 0.4555555 0.0729166 0.2
