1 0.9197916 0.6222222 0.1604166 0.3925925
0 0.63125 0.5518518 0.1541666 0.1555555
1 0.46875 0.4074074 0.1541666 0.2
0 0.3552083 0.3666666 0.05625 0.074074
0 0.3270833 0.4037037 0.0625 0.0814814
0 0.3947916 0.3166666 0.04375 0.0481481
0 0.2916666 0.4574074 0.075 0.1
0 0.2291666 0.3833333 0.0541666 0.0851851
0 0.1854166 0.4462962 0.0625 0.0925925
0 0.346875 0.737037 0.3145833 0.4888888
0 0.1458333 0.3333333 0.0375 0.0592592
0 0.3114583 0.3037037 0.03125 0.037037
0 0.2395833 0.2907407 0.025 0.0259259
0 0.2145833 0.2925925 0.025 0.0296296
0 0.178125 0.2888888 0.0354166 0.0296296
0 0.1260416 0.2888888 0.0270833 0.0296296
0 0.1010416 0.2962962 0.0229166 0.037037
1 0.7479166 0.3277777 0.1333333 0.1296296
2 0.4802083 0.2888888 0.05625 0.074074
