0 0.4864583 0.3111111 0.0604166 0.0444444
0 0.3854166 0.3 0.0458333 0.037037
0 0.3677083 0.274074 0.03125 0.0296296
0 0.4229166 0.3018518 0.05 0.0407407
1 0.153125 0.3759259 0.08125 0.1222222
0 0.978125 0.3518518 0.0354166 0.0592592
0 0.9739583 0.3685185 0.0270833 0.0407407
0 0.3270833 0.2814814 0.0375 0.037037
1 0.228125 0.437037 0.1520833 0.2148148
0 0.7677083 0.437037 0.13125 0.1037037
0 0.4666666 0.3555555 0.0875 0.0666666
0 0.346875 0.3296296 0.0479166 0.0444444
0 0.3239583 0.3777777 0.08125 0.0888888
0 0.3489583 0.4537037 0.0854166 0.1222222
0 0.2677083 0.3074074 0.0395833 0.0666666
0 0.515625 0.3407407 0.0645833 0.0666666
0 0.2895833 0.3148148 0.0083333 0.0296296
1 0.678125 0.6925925 0.64375 0.6074074
