0 0.859375 0.6648148 0.2354166 0.2111111
0 0.5645833 0.7685185 0.4333333 0.4629629
1 0.565625 0.4537037 0.2229166 0.2703703
0 0.4 0.3962962 0.0708333 0.0962962
0 0.3520833 0.4296296 0.0708333 0.0888888
0 0.2947916 0.4574074 0.0770833 0.1074074
0 0.2427083 0.3981481 0.0604166 0.0925925
0 0.1854166 0.4481481 0.0666666 0.0962962
0 0.1552083 0.3537037 0.0395833 0.0629629
0 0.35625 0.3092592 0.0375 0.0481481
0 0.2645833 0.2981481 0.0333333 0.0333333
0 0.2885416 0.2962962 0.0229166 0.0296296
0 0.240625 0.2925925 0.0229166 0.0296296
0 0.2135416 0.2944444 0.0270833 0.0259259
0 0.175 0.2888888 0.0375 0.0296296
0 0.1354166 0.3 0.0333333 0.037037
0 0.0791666 0.2888888 0.0333333 0.0222222
1 0.7479166 0.3277777 0.1333333 0.1296296
2 0.4822916 0.2888888 0.0604166 0.074074
