2 0.0322916 0.5629629 0.0645833 0.3777777
0 0.8125 0.2703703 0.0375 0.074074
0 0.8395833 0.2574074 0.0333333 0.0703703
0 0.8479166 0.237037 0.0333333 0.0518518
0 0.8625 0.2277777 0.0291666 0.0555555
0 0.875 0.2185185 0.025 0.0518518
0 0.8854166 0.2092592 0.0208333 0.0407407
0 0.890625 0.1981481 0.01875 0.0333333
0 0.896875 0.1907407 0.01875 0.0333333
0 0.9041666 0.187037 0.0166666 0.0333333
0 0.8833333 0.3148148 0.0416666 0.074074
0 0.896875 0.2851851 0.03125 0.0666666
0 0.9458333 0.2777777 0.0333333 0.0888888
2 0.125 0.0518518 0.05 0.0518518
1 0.0635416 0.0555555 0.0395833 0.0592592
0 0.3302083 0.1055555 0.0395833 0.0481481
0 0.3010416 0.1037037 0.0104166 0.037037
0 0.23125 0.4944444 0.1583333 0.2925925
