1 0.746875 0.3277777 0.1395833 0.1222222
1 0.5333333 0.45 0.1916666 0.2481481
0 0.4114583 0.4129629 0.0645833 0.0851851
1 0.35625 0.3444444 0.1 0.1333333
0 0.2666666 0.2907407 0.025 0.0259259
0 0.2385416 0.3351851 0.0395833 0.0481481
0 0.2927083 0.4574074 0.0770833 0.1074074
0 0.1833333 0.3333333 0.0375 0.0518518
0 0.1822916 0.4462962 0.0645833 0.0925925
0 0.0885416 0.3 0.0270833 0.037037
0 0.1083333 0.5388888 0.1125 0.2851851
0 0.2416666 0.2907407 0.0208333 0.0259259
0 0.59375 0.3481481 0.0583333 0.0518518
0 0.4427083 0.3388888 0.0479166 0.0481481
0 0.2291666 0.3074074 0.0333333 0.0444444
0 0.2125 0.2944444 0.0208333 0.0259259
