1 0.7770833 0.2574074 0.0708333 0.137037
0 0.4364583 0.1629629 0.0520833 0.074074
0 0.1979166 0.85 0.3625 0.3
0 0.665625 0.4944444 0.1229166 0.1962962
0 0.4270833 0.4111111 0.1458333 0.1481481
0 0.6520833 0.3351851 0.0791666 0.1
0 0.5302083 0.2648148 0.0770833 0.0703703
0 0.7 0.2259259 0.0375 0.0444444
0 0.6802083 0.1962962 0.03125 0.037037
0 0.734375 0.1796296 0.01875 0.0259259
0 0.8052083 0.2074074 0.0145833 0.0222222
0 0.8083333 0.1981481 0.0166666 0.0259259
0 0.7635416 0.1759259 0.0145833 0.0185185
0 0.4604166 0.1222222 0.0375 0.0296296
0 0.509375 0.1759259 0.0354166 0.0407407
0 0.54375 0.1777777 0.05 0.0518518
0 0.6239583 0.1592592 0.0270833 0.0296296
0 0.5958333 0.1518518 0.025 0.0222222
0 0.6427083 0.1481481 0.01875 0.0222222
0 0.678125 0.1611111 0.01875 0.0185185
0 0.6677083 0.1518518 0.0145833 0.0148148
0 0.6791666 0.1481481 0.0125 0.0148148
0 0.7145833 0.1629629 0.0166666 0.0222222
