1 0.746875 0.3277777 0.1395833 0.1222222
0 0.4239583 0.4185185 0.0645833 0.0888888
0 0.2927083 0.4574074 0.0770833 0.1074074
0 0.1822916 0.4462962 0.0645833 0.0925925
0 0.096875 0.3037037 0.0270833 0.037037
1 0.365625 0.3481481 0.0979166 0.1333333
1 0.55625 0.4629629 0.2083333 0.2666666
0 0.5697916 0.3351851 0.0520833 0.0333333
0 0.428125 0.3314814 0.0354166 0.0481481
0 0.315625 0.2962962 0.0270833 0.037037
0 0.2427083 0.3111111 0.0354166 0.037037
0 0.246875 0.3462962 0.0395833 0.0481481
0 0.1885416 0.337037 0.0395833 0.0592592
0 0.2125 0.2925925 0.025 0.0296296
0 0.265625 0.2925925 0.0270833 0.0296296
0 0.1177083 0.5518518 0.1145833 0.3037037
2 0.4802083 0.2907407 0.0645833 0.0777777
0 0.153125 0.2888888 0.03125 0.0296296
