0 0.3197916 0.2129629 0.03125 0.0481481
0 0.3395833 0.2296296 0.0333333 0.0592592
2 0.359375 0.2444444 0.0395833 0.0666666
0 0.4927083 0.4111111 0.1145833 0.1481481
0 0.6447916 0.6407407 0.2104166 0.3037037
0 0.3364583 0.1777777 0.0229166 0.0296296
0 0.3583333 0.1962962 0.0291666 0.0296296
0 0.396875 0.2296296 0.04375 0.0444444
0 0.2458333 0.1759259 0.025 0.0259259
1 0.2520833 0.1462962 0.0166666 0.0185185
0 0.2489583 0.1592592 0.0270833 0.0222222
2 0.2791666 0.15 0.0166666 0.0259259
0 0.2989583 0.1629629 0.0229166 0.0222222
0 0.3239583 0.1574074 0.0145833 0.0185185
0 0.340625 0.1629629 0.01875 0.0222222
0 0.3645833 0.1666666 0.0208333 0.0222222
0 0.378125 0.1629629 0.0145833 0.0222222
0 0.4260416 0.187037 0.0270833 0.0333333
0 0.409375 0.2 0.0354166 0.037037
0 0.5020833 0.2425925 0.0541666 0.0555555
0 0.6395833 0.4537037 0.1333333 0.1518518
0 0.75625 0.4203703 0.1541666 0.2407407
0 0.9010416 0.5518518 0.1479166 0.1555555
2 0.4229166 0.3111111 0.0833333 0.1259259
