1 0.3072916 0.3703703 0.1895833 0.4296296
0 0.278125 0.1333333 0.0479166 0.0592592
2 0.390625 0.1148148 0.0645833 0.1259259
0 0.3552083 0.1814814 0.04375 0.074074
0 0.475 0.1259259 0.0583333 0.0444444
0 0.4395833 0.0703703 0.0208333 0.0296296
0 0.4020833 0.0481481 0.0416666 0.037037
0 0.1895833 0.1814814 0.0541666 0.0814814
0 0.196875 0.1111111 0.0645833 0.0518518
0 0.2739583 0.0925925 0.0354166 0.037037
1 0.6166666 0.124074 0.0625 0.1296296
1 0.64375 0.1259259 0.0208333 0.1185185
1 0.69375 0.1407407 0.05 0.1259259
