0 0.703125 0.4611111 0.0604166 0.0777777
0 0.5916666 0.5074074 0.075 0.1037037
0 0.5635416 0.6296296 0.1145833 0.1777777
0 0.4552083 0.8555555 0.1895833 0.2888888
0 0.1197916 0.3833333 0.0729166 0.0629629
0 0.1552083 0.3685185 0.0520833 0.0481481
0 0.084375 0.3574074 0.0604166 0.0555555
0 0.0354166 0.3777777 0.0416666 0.0444444
0 0.0135416 0.387037 0.0270833 0.0703703
0 0.5302083 0.3833333 0.0770833 0.0703703
0 0.4302083 0.4259259 0.0729166 0.0888888
0 0.2479166 0.3018518 0.0375 0.0481481
0 0.2916666 0.2703703 0.025 0.0444444
0 0.9520833 0.3222222 0.05 0.037037
0 0.1604166 0.3518518 0.0541666 0.0518518
0 0.196875 0.3537037 0.0145833 0.0333333
0 0.2958333 0.4907407 0.1375 0.2481481
