1 0.79375 0.2166666 0.0458333 0.0851851
0 0.3322916 0.1777777 0.0645833 0.074074
0 0.696875 0.6555555 0.1645833 0.3037037
0 0.3510416 0.6925925 0.28125 0.3407407
0 0.6020833 0.4092592 0.1166666 0.137037
0 0.440625 0.3944444 0.1520833 0.137037
0 0.7322916 0.3074074 0.0520833 0.0888888
0 0.7302083 0.2481481 0.04375 0.0444444
0 0.678125 0.237037 0.04375 0.0518518
0 0.690625 0.1944444 0.0270833 0.0333333
0 0.746875 0.1962962 0.0229166 0.0296296
0 0.7375 0.1777777 0.0208333 0.0222222
0 0.2666666 0.25 0.1 0.1
0 0.321875 0.2185185 0.0479166 0.0518518
0 0.44375 0.1407407 0.0416666 0.037037
0 0.459375 0.1222222 0.0395833 0.0296296
0 0.5322916 0.1685185 0.04375 0.0481481
0 0.5947916 0.1518518 0.0270833 0.0222222
0 0.634375 0.1611111 0.0270833 0.0259259
0 0.640625 0.1481481 0.0229166 0.0222222
0 0.6604166 0.1518518 0.0166666 0.0148148
0 0.6708333 0.1518518 0.0125 0.0148148
0 0.6822916 0.1648148 0.0229166 0.0259259
0 0.6791666 0.1518518 0.0125 0.0148148
