0 0.9052083 0.8074074 0.1895833 0.3037037
0 0.9083333 0.4388888 0.0875 0.0777777
0 0.7385416 0.3907407 0.0979166 0.0851851
0 0.5979166 0.2185185 0.0375 0.0592592
0 0.5177083 0.2092592 0.0270833 0.0407407
0 0.4739583 0.187037 0.0229166 0.0259259
0 0.425 0.1685185 0.0166666 0.0259259
0 0.3927083 0.174074 0.0145833 0.0222222
0 0.365625 0.1592592 0.0145833 0.0222222
0 0.340625 0.1888888 0.0229166 0.037037
0 0.325 0.2111111 0.025 0.0296296
1 0.3072916 0.2833333 0.0979166 0.1814814
0 0.3552083 0.2685185 0.0229166 0.0703703
0 0.3083333 0.1648148 0.0166666 0.0259259
