0 0.4604166 0.8537037 0.1916666 0.2925925
0 0.5614583 0.6333333 0.1104166 0.1777777
0 0.5916666 0.5111111 0.0708333 0.1111111
0 0.696875 0.4722222 0.0604166 0.0925925
0 0.4416666 0.4203703 0.0708333 0.0925925
0 0.546875 0.374074 0.0770833 0.074074
0 0.321875 0.474074 0.1229166 0.2222222
0 0.2458333 0.3055555 0.0375 0.0481481
0 0.1208333 0.3851851 0.075 0.0592592
0 0.1541666 0.3703703 0.0583333 0.0444444
0 0.1697916 0.3537037 0.06875 0.0555555
0 0.0854166 0.3611111 0.0583333 0.0555555
0 0.034375 0.3796296 0.0520833 0.0407407
0 0.9520833 0.3277777 0.0541666 0.0481481
