0 0.1208333 0.3814814 0.075 0.0592592
0 0.1541666 0.3703703 0.0541666 0.0444444
0 0.1677083 0.35 0.06875 0.0481481
0 0.0822916 0.3611111 0.0604166 0.0555555
0 0.0322916 0.3777777 0.0479166 0.0518518
0 0.6947916 0.487037 0.05625 0.1
0 0.596875 0.3592592 0.0729166 0.0592592
0 0.4625 0.4037037 0.0708333 0.0888888
0 0.3666666 0.4444444 0.0958333 0.1777777
0 0.2395833 0.3092592 0.0458333 0.0481481
0 0.9489583 0.3296296 0.05625 0.0592592
0 0.4604166 0.8537037 0.1916666 0.2925925
0 0.2885416 0.2722222 0.03125 0.0481481
0 0.5916666 0.5092592 0.075 0.1074074
0 0.5635416 0.6351851 0.1145833 0.174074
