1 0.6927083 0.487037 0.23125 0.5074074
1 0.8052083 0.1907407 0.0229166 0.0481481
0 0.0541666 0.2796296 0.0916666 0.1296296
0 0.3302083 0.7129629 0.29375 0.3518518
0 0.084375 0.7185185 0.16875 0.2666666
0 0.5729166 0.2981481 0.0916666 0.0851851
0 0.6885416 0.2722222 0.04375 0.0555555
0 0.6802083 0.2 0.03125 0.037037
0 0.7625 0.2222222 0.0291666 0.0444444
0 0.7322916 0.2018518 0.0270833 0.0333333
0 0.771875 0.1944444 0.01875 0.0259259
0 0.790625 0.2166666 0.0270833 0.0333333
0 0.1145833 0.2888888 0.1 0.1111111
0 0.4541666 0.1851851 0.0541666 0.0444444
0 0.4479166 0.1407407 0.0375 0.037037
0 0.5375 0.1796296 0.0458333 0.0481481
0 0.5729166 0.1851851 0.0375 0.0444444
0 0.5958333 0.1518518 0.025 0.0222222
0 0.640625 0.15 0.0229166 0.0259259
2 0.6729166 0.1592592 0.0166666 0.0296296
0 0.659375 0.1518518 0.0145833 0.0222222
