0 0.834375 0.0777777 0.0354166 0.0518518
2 0.859375 0.0722222 0.0354166 0.0629629
0 0.7958333 0.0314814 0.025 0.0407407
0 0.8125 0.0518518 0.025 0.037037
2 0.5197916 0.1814814 0.2770833 0.237037
0 0.1833333 0.1592592 0.0583333 0.0444444
0 0.0802083 0.2074074 0.0395833 0.0444444
0 0.0572916 0.1981481 0.03125 0.0407407
0 0.1197916 0.187037 0.0395833 0.0333333
1 0.1895833 0.324074 0.3791666 0.3592592
0 0.7885416 0.174074 0.1104166 0.0888888
0 0.4614583 0.1129629 0.1354166 0.1444444
1 0.0166666 0.237037 0.0333333 0.0592592
