0 0.4447916 0.1425925 0.04375 0.0407407
0 0.459375 0.1222222 0.0395833 0.0296296
1 0.5875 0.6351851 0.3916666 0.7296296
0 0.5375 0.15 0.0416666 0.0555555
0 0.146875 0.6555555 0.2520833 0.274074
0 0.1739583 0.4759259 0.16875 0.1518518
0 0.4072916 0.2259259 0.0770833 0.0666666
0 0.628125 0.2185185 0.0395833 0.0518518
0 0.7770833 0.2648148 0.0375 0.0629629
0 0.7958333 0.2351851 0.0291666 0.0407407
0 0.7145833 0.1888888 0.025 0.0296296
0 0.8041666 0.2129629 0.0166666 0.0333333
0 0.8072916 0.2 0.01875 0.0222222
0 0.76875 0.2037037 0.0208333 0.0296296
0 0.790625 0.1888888 0.0145833 0.0222222
0 0.5947916 0.1537037 0.0229166 0.0259259
0 0.6416666 0.1629629 0.0208333 0.0222222
0 0.640625 0.1481481 0.0229166 0.0222222
0 0.6614583 0.1537037 0.0145833 0.0185185
0 0.6697916 0.1518518 0.0104166 0.0148148
0 0.6791666 0.1462962 0.0125 0.0111111
0 0.6791666 0.1629629 0.0208333 0.0296296
0 0.715625 0.1592592 0.0145833 0.0148148
