0 0.9520833 0.1333333 0.0375 0.0444444
0 0.834375 0.0777777 0.0354166 0.0518518
2 0.859375 0.0722222 0.0354166 0.0629629
0 0.7958333 0.0314814 0.025 0.0407407
0 0.8125 0.0518518 0.025 0.037037
0 0.7666666 0.1703703 0.1166666 0.0888888
0 0.5010416 0.1296296 0.11875 0.074074
0 0.3697916 0.1537037 0.0770833 0.0703703
0 0.0802083 0.2074074 0.0395833 0.0444444
0 0.1520833 0.1555555 0.0833333 0.0814814
0 0.05625 0.1944444 0.0291666 0.0333333
1 0.190625 0.324074 0.38125 0.3518518
2 0.5604166 0.1851851 0.325 0.2444444
