0 0.4395833 0.1425925 0.0333333 0.0407407
0 0.459375 0.1185185 0.0395833 0.0222222
1 0.765625 0.2814814 0.0895833 0.1703703
0 0.4645833 0.1574074 0.0541666 0.0703703
0 0.1458333 0.6555555 0.2375 0.2666666
0 0.5979166 0.65 0.1916666 0.2925925
0 0.5916666 0.4018518 0.1166666 0.137037
0 0.3739583 0.35 0.13125 0.1074074
0 0.6635416 0.2462962 0.0520833 0.0629629
0 0.6479166 0.2074074 0.0416666 0.0444444
0 0.7197916 0.1833333 0.0229166 0.0259259
0 0.8041666 0.2092592 0.0166666 0.0185185
0 0.803125 0.2148148 0.0145833 0.0222222
0 0.80625 0.2 0.0166666 0.0222222
0 0.8125 0.1907407 0.0125 0.0185185
0 0.7895833 0.1888888 0.0166666 0.0222222
0 0.5895833 0.1703703 0.0416666 0.0444444
0 0.5541666 0.1722222 0.0375 0.0333333
0 0.5979166 0.15 0.025 0.0185185
0 0.64375 0.1611111 0.025 0.0259259
0 0.6395833 0.1481481 0.0208333 0.0222222
0 0.659375 0.1518518 0.0145833 0.0222222
0 0.6708333 0.1518518 0.0125 0.0222222
0 0.6791666 0.15 0.0125 0.0185185
0 0.6864583 0.1611111 0.01875 0.0185185
0 0.7229166 0.1629629 0.0166666 0.0222222
