0 0.6427083 0.6388888 0.2104166 0.3
0 0.4916666 0.4148148 0.1166666 0.1555555
2 0.4229166 0.3166666 0.0833333 0.1074074
0 0.340625 0.2277777 0.0354166 0.0555555
2 0.359375 0.2462962 0.0354166 0.0703703
0 0.3208333 0.2129629 0.0333333 0.0481481
2 0.2166666 0.1851851 0.0166666 0.037037
0 0.309375 0.1666666 0.0229166 0.0222222
0 0.3322916 0.1759259 0.0229166 0.0259259
0 0.246875 0.2555555 0.0354166 0.0592592
0 0.8875 0.4888888 0.0916666 0.1037037
2 0.6083333 0.2796296 0.0583333 0.0777777
0 0.4479166 0.237037 0.0416666 0.0518518
1 0.4385416 0.1925925 0.0479166 0.0592592
0 0.9322916 0.7888888 0.1354166 0.2444444
0 0.396875 0.1851851 0.0229166 0.0296296
0 0.3760416 0.174074 0.03125 0.0592592
