0 0.6916666 0.337037 0.0458333 0.0666666
0 0.70625 0.324074 0.0416666 0.0629629
0 0.7208333 0.3092592 0.0333333 0.0703703
0 0.7614583 0.3 0.0145833 0.0444444
0 0.76875 0.287037 0.0291666 0.0481481
0 0.784375 0.2814814 0.03125 0.0444444
0 0.7916666 0.274074 0.0291666 0.0444444
2 0.740625 0.2962962 0.03125 0.0666666
2 0.8010416 0.2629629 0.0229166 0.0518518
2 0.8197916 0.25 0.0270833 0.0555555
0 0.8395833 0.2537037 0.0208333 0.0333333
0 0.4156249 0.3629629 0.06875 0.074074
0 0.56875 0.3185185 0.0458333 0.0518518
0 0.86875 0.2537037 0.0208333 0.0259259
0 0.3104166 0.7185185 0.1875 0.2444444
0 0.3729166 0.4388888 0.0958333 0.1148148
0 0.75 0.25 0.0166666 0.0259259
0 0.7604166 0.2592592 0.0208333 0.0296296
0 0.8177083 0.2629629 0.01875 0.037037
0 0.4895833 0.3851851 0.0791666 0.0888888
0 0.3208333 0.4111111 0.0875 0.0962962
0 0.6145833 0.3351851 0.0416666 0.0555555
0 0.634375 0.287037 0.04375 0.0925925
0 0.6645833 0.2888888 0.0208333 0.037037
0 0.1666666 0.4259259 0.0875 0.1037037
0 0.7260416 0.2555555 0.01875 0.0222222
1 0.696875 0.2518518 0.0354166 0.0518518
0 0.721875 0.4129629 0.06875 0.1
0 0.6885416 0.2981481 0.0354166 0.0407407
0 0.8208333 0.4962962 0.1166666 0.1333333
