2 0.8822916 0.3888888 0.0520833 0.1111111
0 0.8395833 0.3185185 0.0333333 0.0518518
0 0.81875 0.2888888 0.0333333 0.0444444
0 0.6916666 0.3388888 0.0458333 0.0703703
0 0.7041666 0.3203703 0.0458333 0.0703703
0 0.7177083 0.3074074 0.0395833 0.0666666
0 0.7614583 0.3 0.0145833 0.0444444
0 0.76875 0.2888888 0.0291666 0.0518518
0 0.784375 0.2814814 0.03125 0.0444444
0 0.7916666 0.274074 0.0291666 0.0444444
2 0.7427083 0.2981481 0.0270833 0.0629629
2 0.8010416 0.2555555 0.0229166 0.037037
0 0.81875 0.2592592 0.0166666 0.0222222
2 0.81875 0.2462962 0.0291666 0.0481481
0 0.8395833 0.2555555 0.0208333 0.0296296
0 0.6239583 0.2888888 0.03125 0.037037
0 0.6791666 0.2703703 0.025 0.037037
0 0.86875 0.2518518 0.0208333 0.0296296
0 0.2822916 0.5425925 0.1020833 0.1518518
0 0.3822916 0.4351851 0.09375 0.1148148
0 0.2239583 0.4314814 0.0979166 0.0925925
0 0.5489583 0.3425925 0.0520833 0.0555555
2 0.4802083 0.3277777 0.04375 0.0629629
0 0.403125 0.3537037 0.0854166 0.1444444
0 0.7135416 0.2666666 0.0270833 0.0222222
0 0.7447916 0.2629629 0.0270833 0.0296296
0 0.7510416 0.2574074 0.01875 0.0259259
0 0.771875 0.2518518 0.01875 0.0296296
0 0.7989583 0.2333333 0.0145833 0.0148148
0 0.7864583 0.2425925 0.0145833 0.0185185
0 0.8239583 0.2166666 0.0145833 0.0185185
1 0.3854166 0.3407407 0.1 0.1259259
0 0.553125 0.3055555 0.0395833 0.0407407
