0 0.3677083 0.2759259 0.03125 0.0259259
0 0.3260416 0.2833333 0.0395833 0.0407407
1 0.1947916 0.4148148 0.1145833 0.1777777
0 0.2958333 0.3462962 0.0625 0.0259259
1 0.3895833 0.5574074 0.3541666 0.4259259
1 0.14375 0.3722222 0.0625 0.1148148
2 0.8208333 0.5222222 0.35 0.3703703
0 0.978125 0.3518518 0.0354166 0.0592592
0 0.3770833 0.3 0.0291666 0.037037
0 0.4885416 0.3092592 0.05625 0.0481481
0 0.6125 0.3851851 0.1 0.0814814
0 0.7166666 0.4055555 0.0833333 0.0629629
0 0.9885416 0.5111111 0.0229166 0.1037037
0 0.9729166 0.3666666 0.025 0.0444444
0 0.7520833 0.2925925 0.0125 0.0296296
0 0.825 0.387037 0.2916666 0.1074074
0 0.4270833 0.3203703 0.0833333 0.1148148
