1 0.5802083 0.6333333 0.4229166 0.7333333
1 0.8041666 0.1981481 0.025 0.0555555
0 0.1083333 0.2555555 0.0958333 0.1185185
0 0.2 0.8222222 0.3541666 0.3555555
0 0.4666666 0.3796296 0.1375 0.1296296
0 0.6666666 0.2944444 0.0541666 0.0629629
0 0.78125 0.3277777 0.0416666 0.1074074
0 0.725 0.2574074 0.0458333 0.0481481
0 0.7572916 0.2296296 0.03125 0.0518518
0 0.7177083 0.2074074 0.03125 0.037037
0 0.6458333 0.2129629 0.0416666 0.0407407
0 0.7833333 0.2222222 0.0291666 0.037037
0 0.7625 0.1962962 0.025 0.0296296
0 0.2208333 0.2444444 0.0916666 0.0888888
0 0.5010416 0.1777777 0.0479166 0.037037
0 0.4458333 0.1407407 0.0375 0.037037
0 0.459375 0.1222222 0.0395833 0.0296296
0 0.5760416 0.1722222 0.0395833 0.0407407
0 0.59375 0.1518518 0.025 0.0222222
0 0.6135416 0.1777777 0.03125 0.037037
0 0.640625 0.15 0.0229166 0.0259259
0 0.6604166 0.1518518 0.0166666 0.0148148
0 0.671875 0.1518518 0.0145833 0.0148148
0 0.6791666 0.15 0.0083333 0.0185185
