1 0.79375 0.2129629 0.0416666 0.0851851
0 0.3177083 0.1833333 0.06875 0.0851851
0 0.4020833 0.6296296 0.2541666 0.3037037
0 0.7166666 0.5944444 0.1416666 0.2407407
0 0.6208333 0.3925925 0.1041666 0.1185185
0 0.4979166 0.3518518 0.1208333 0.1185185
0 0.7364583 0.2981481 0.0520833 0.0851851
0 0.7354166 0.2444444 0.0416666 0.0444444
0 0.6895833 0.2296296 0.0416666 0.0518518
0 0.6989583 0.1907407 0.0270833 0.0333333
0 0.75 0.1925925 0.0208333 0.0296296
0 0.7427083 0.1777777 0.01875 0.0222222
0 0.2145833 0.2685185 0.1041666 0.1074074
0 0.2864583 0.2351851 0.05625 0.0629629
0 0.44375 0.1425925 0.0416666 0.0407407
0 0.4604166 0.1222222 0.0375 0.0296296
0 0.51875 0.1703703 0.0458333 0.0518518
0 0.5947916 0.1537037 0.0270833 0.0259259
0 0.6270833 0.1648148 0.025 0.0259259
0 0.640625 0.15 0.0229166 0.0259259
0 0.659375 0.1518518 0.0145833 0.0222222
0 0.6708333 0.15 0.0125 0.0185185
0 0.6791666 0.15 0.0125 0.0185185
0 0.6770833 0.1666666 0.025 0.0222222
