0 0.3197916 0.2129629 0.03125 0.0481481
0 0.3395833 0.2296296 0.0333333 0.0592592
2 0.359375 0.2444444 0.0395833 0.0666666
2 0.4229166 0.3055555 0.0833333 0.137037
0 0.49375 0.4129629 0.1166666 0.1518518
0 0.6447916 0.6388888 0.2104166 0.3
0 0.31875 0.1685185 0.0208333 0.0259259
0 0.3375 0.1777777 0.025 0.0296296
0 0.3822916 0.2166666 0.0354166 0.0481481
0 0.2635416 0.1888888 0.0229166 0.0296296
1 0.2520833 0.1481481 0.0166666 0.0296296
0 0.2541666 0.1611111 0.025 0.0185185
0 0.3135416 0.1518518 0.0145833 0.0222222
0 0.3260416 0.1592592 0.0145833 0.0222222
0 0.3458333 0.1592592 0.0166666 0.0222222
0 0.3625 0.1592592 0.0166666 0.0222222
0 0.39375 0.1722222 0.0208333 0.0333333
0 0.3614583 0.1722222 0.0229166 0.0259259
0 0.409375 0.1907407 0.03125 0.0333333
0 0.48125 0.2962962 0.0625 0.0814814
0 0.5510416 0.2777777 0.0854166 0.1333333
0 0.2333333 0.1759259 0.0208333 0.0259259
0 0.5083333 0.2574074 0.0208333 0.0407407
