0 0.834375 0.0777777 0.0354166 0.0518518
2 0.859375 0.0722222 0.0354166 0.0629629
0 0.7958333 0.0314814 0.025 0.0407407
0 0.8125 0.0518518 0.025 0.037037
0 0.0802083 0.2074074 0.0395833 0.0444444
0 0.0572916 0.1981481 0.03125 0.0407407
0 0.1197916 0.187037 0.0395833 0.0333333
1 0.1895833 0.3259259 0.3791666 0.3555555
0 0.965625 0.1481481 0.0395833 0.0518518
0 0.85 0.1888888 0.125 0.0888888
0 0.4125 0.1518518 0.0958333 0.0814814
0 0.1875 0.1425925 0.0916666 0.0925925
2 0.5322916 0.1851851 0.3229166 0.2444444
0 0.66875 0.0481481 0.0375 0.0518518
0 0.6385416 0.0629629 0.0729166 0.0444444
0 0.4302083 0.0537037 0.03125 0.0333333
