0 0.6427083 0.6388888 0.2104166 0.3
0 0.4916666 0.4148148 0.1166666 0.1555555
2 0.4229166 0.3166666 0.0833333 0.1074074
0 0.340625 0.2277777 0.0354166 0.0555555
2 0.359375 0.2462962 0.0354166 0.0703703
0 0.3208333 0.2129629 0.0333333 0.0481481
2 0.21875 0.1851851 0.0166666 0.037037
0 0.3135416 0.1648148 0.0229166 0.0259259
0 0.3333333 0.1777777 0.0208333 0.0296296
0 0.246875 0.2518518 0.0354166 0.0592592
0 0.4156249 0.5555555 0.1520833 0.2666666
0 0.3770833 0.1722222 0.0291666 0.0629629
0 0.9145833 0.5129629 0.0916666 0.1074074
0 0.9666666 0.824074 0.0666666 0.1666666
2 0.6197916 0.287037 0.0604166 0.0777777
0 0.4552083 0.2407407 0.04375 0.0518518
1 0.44375 0.1962962 0.05 0.0666666
0 0.3989583 0.1851851 0.0229166 0.0296296
