0 0.1677083 0.35 0.06875 0.0481481
0 0.0822916 0.3611111 0.0604166 0.0555555
0 0.0322916 0.3777777 0.0479166 0.0518518
0 0.7208333 0.4462962 0.0666666 0.0851851
0 0.6802083 0.9111111 0.18125 0.1777777
0 0.5375 0.3648148 0.0708333 0.0629629
0 0.45625 0.3777777 0.0666666 0.1333333
0 0.109375 0.3833333 0.0520833 0.0629629
1 0.1447916 0.4759259 0.10625 0.2407407
0 0.965625 0.4166666 0.06875 0.0703703
0 0.4604166 0.8537037 0.1916666 0.2925925
0 0.5614583 0.6333333 0.1104166 0.1777777
0 0.5916666 0.5111111 0.0708333 0.1111111
0 0.9385416 0.3314814 0.08125 0.0629629
0 0.2895833 0.274074 0.025 0.037037
