0 0.3677083 0.2759259 0.03125 0.0259259
0 0.3260416 0.2833333 0.0395833 0.0407407
1 0.1947916 0.4148148 0.1145833 0.1777777
0 0.2958333 0.3462962 0.0625 0.0259259
1 0.3885416 0.5555555 0.3520833 0.4222222
1 0.14375 0.3722222 0.0625 0.1148148
2 0.8 0.5092592 0.3458333 0.3592592
0 0.978125 0.3518518 0.0354166 0.0592592
0 0.3833333 0.3 0.0416666 0.037037
0 0.496875 0.3092592 0.0395833 0.0481481
0 0.6385416 0.3925925 0.1020833 0.0814814
0 0.7895833 0.4222222 0.1083333 0.0666666
0 0.984375 0.5203703 0.03125 0.0777777
0 0.921875 0.3481481 0.0145833 0.037037
0 0.7510416 0.2944444 0.0145833 0.0333333
0 0.4416666 0.3222222 0.0875 0.1185185
