2 0.5947916 0.4166666 0.25625 0.3222222
0 0.7291666 0.4777777 0.05 0.1259259
0 0.3416666 0.2611111 0.0458333 0.0703703
0 0.3270833 0.2092592 0.0291666 0.0407407
1 0.271875 0.1722222 0.03125 0.0629629
0 0.3052083 0.1814814 0.0229166 0.0296296
0 0.3260416 0.174074 0.01875 0.0222222
0 0.3197916 0.1537037 0.0145833 0.0185185
0 0.3666666 0.1592592 0.0125 0.0222222
0 0.4083333 0.1574074 0.0125 0.0185185
0 0.43125 0.1685185 0.0125 0.0185185
0 0.440625 0.2 0.0270833 0.037037
0 0.4885416 0.1907407 0.0270833 0.0333333
0 0.5458333 0.2296296 0.0416666 0.0444444
0 0.6697916 0.2851851 0.05625 0.0518518
0 0.7302083 0.2833333 0.05625 0.0851851
