0 0.1208333 0.3814814 0.075 0.0592592
0 0.1541666 0.3703703 0.0541666 0.0444444
0 0.1677083 0.35 0.06875 0.0481481
0 0.0822916 0.3611111 0.0604166 0.0555555
0 0.0322916 0.3777777 0.0479166 0.0518518
0 0.2375 0.3111111 0.0458333 0.0444444
0 0.3708333 0.4388888 0.0958333 0.1814814
0 0.465625 0.4018518 0.06875 0.0851851
0 0.60625 0.3574074 0.075 0.0629629
0 0.6947916 0.487037 0.0604166 0.1
0 0.9489583 0.3296296 0.05625 0.0592592
0 0.4604166 0.8537037 0.1916666 0.2925925
0 0.5614583 0.6333333 0.1104166 0.1777777
0 0.5916666 0.5111111 0.0708333 0.1111111
0 0.2885416 0.2722222 0.03125 0.0481481
