0 0.7104166 0.8092592 0.2458333 0.3814814
0 0.5666666 0.4425925 0.1375 0.1444444
1 0.2822916 0.2259259 0.0645833 0.1333333
0 0.325 0.2351851 0.0333333 0.0555555
0 0.3197916 0.2 0.0270833 0.037037
0 0.334375 0.1796296 0.01875 0.0259259
0 0.309375 0.1592592 0.0145833 0.0222222
0 0.365625 0.1592592 0.0145833 0.0222222
0 0.3979166 0.1759259 0.0166666 0.0259259
0 0.4375 0.1759259 0.0208333 0.0259259
0 0.4041666 0.1518518 0.0083333 0.0148148
0 0.5 0.2 0.0291666 0.0296296
2 0.5708333 0.2333333 0.0375 0.0518518
0 0.6208333 0.2277777 0.0416666 0.0629629
0 0.9708333 0.5851851 0.0583333 0.1037037
