2 0.8979166 0.3407407 0.0375 0.0814814
0 0.8677083 0.2833333 0.0270833 0.0407407
0 0.690625 0.3388888 0.0479166 0.0703703
0 0.70625 0.324074 0.0416666 0.0629629
0 0.7208333 0.3111111 0.0333333 0.0666666
0 0.7614583 0.2981481 0.0145833 0.0407407
0 0.76875 0.2907407 0.0291666 0.0481481
0 0.784375 0.2814814 0.03125 0.0444444
0 0.7916666 0.2777777 0.0291666 0.0444444
2 0.7447916 0.2944444 0.0229166 0.0629629
2 0.8010416 0.2629629 0.0229166 0.0518518
2 0.8177083 0.25 0.0270833 0.0555555
0 0.5 0.3259259 0.0458333 0.0518518
2 0.1416666 0.4259259 0.0833333 0.1111111
0 0.7302083 0.2592592 0.0229166 0.0296296
0 0.5822916 0.3148148 0.04375 0.0518518
0 0.4729166 0.3962962 0.0791666 0.0814814
0 0.7604166 0.2518518 0.0208333 0.0296296
0 0.303125 0.3777777 0.0645833 0.0666666
0 0.84375 0.2703703 0.025 0.037037
0 0.7072916 0.2666666 0.0270833 0.037037
0 0.2375 0.4592592 0.1041666 0.1111111
0 0.65625 0.3074074 0.05 0.0592592
0 0.5989583 0.8777777 0.3604166 0.2444444
0 0.040625 0.487037 0.08125 0.2629629
