0 0.9302083 0.7074074 0.1145833 0.237037
0 0.9260416 0.324074 0.0229166 0.0333333
0 0.440625 0.3759259 0.09375 0.0777777
0 0.953125 0.4851851 0.0479166 0.0962962
0 0.9125 0.3425925 0.025 0.0407407
0 0.9552083 0.3962962 0.0354166 0.0666666
0 0.8552083 0.35 0.0395833 0.0481481
0 0.2677083 0.4314814 0.1270833 0.1
0 0.21875 0.4185185 0.1083333 0.0888888
0 0.39375 0.3555555 0.1 0.0962962
0 0.334375 0.4962962 0.1354166 0.1481481
0 0.8052083 0.324074 0.0479166 0.0925925
0 0.578125 0.5648148 0.1895833 0.1814814
2 0.8739583 0.274074 0.0145833 0.0222222
