0 0.609375 0.5537037 0.16875 0.2481481
0 0.4916666 0.2888888 0.0958333 0.0888888
0 0.759375 0.3259259 0.05625 0.0814814
0 0.7020833 0.274074 0.0541666 0.074074
0 0.7958333 0.2444444 0.0333333 0.0518518
0 0.803125 0.2203703 0.0229166 0.0407407
0 0.8125 0.2074074 0.0208333 0.037037
0 0.7583333 0.2129629 0.0291666 0.0407407
0 0.734375 0.1796296 0.0229166 0.0259259
2 0.7916666 0.1796296 0.025 0.0481481
2 0.7770833 0.1759259 0.0166666 0.0333333
0 0.753125 0.1759259 0.01875 0.0259259
0 0.7291666 0.1592592 0.0166666 0.0222222
0 0.7 0.1611111 0.0208333 0.0185185
0 0.6541666 0.1703703 0.0291666 0.0296296
0 0.640625 0.15 0.0229166 0.0259259
0 0.6052083 0.1462962 0.03125 0.0481481
0 0.4604166 0.124074 0.0416666 0.0333333
0 0.44375 0.1425925 0.0458333 0.0407407
0 0.40625 0.1962962 0.0625 0.0518518
