0 0.3208333 0.4425925 0.1 0.2185185
2 0.8104166 0.8518518 0.3791666 0.2962962
0 0.7208333 0.6407407 0.2083333 0.274074
0 0.35 0.2944444 0.0541666 0.0777777
2 0.3427083 0.1814814 0.0395833 0.074074
0 0.3635416 0.1888888 0.0145833 0.0296296
0 0.30625 0.1814814 0.0208333 0.0296296
0 0.3083333 0.1648148 0.0166666 0.0185185
1 0.2895833 0.1518518 0.0208333 0.037037
0 0.3114583 0.1592592 0.0145833 0.0148148
0 0.8947916 0.5111111 0.1020833 0.1333333
0 0.9666666 0.437037 0.0666666 0.1407407
0 0.7270833 0.3129629 0.0708333 0.0703703
0 0.5072916 0.2018518 0.0270833 0.0259259
0 0.4427083 0.1777777 0.0229166 0.0296296
