0 0.1510416 0.3518518 0.0395833 0.0518518
0 0.221875 0.3629629 0.04375 0.0592592
0 0.0989583 0.2962962 0.0229166 0.0296296
0 0.0708333 0.2925925 0.0208333 0.0222222
0 0.1229166 0.287037 0.0333333 0.0259259
0 0.0760416 0.2907407 0.01875 0.0259259
0 0.240625 0.2925925 0.0229166 0.0296296
0 0.2760416 0.3 0.01875 0.0296296
0 0.2625 0.2777777 0.0166666 0.0222222
0 0.271875 0.274074 0.0104166 0.0148148
2 0.2833333 0.274074 0.0166666 0.0222222
0 0.5666666 0.4592592 0.0916666 0.0962962
0 0.6020833 0.3685185 0.0666666 0.0629629
1 0.796875 0.337037 0.1395833 0.1259259
0 0.053125 0.2925925 0.0145833 0.0222222
0 0.065625 0.2944444 0.0229166 0.0259259
0 0.0729166 0.2907407 0.0166666 0.0259259
0 0.2729166 0.2777777 0.0125 0.0222222
0 0.05 0.2925925 0.0166666 0.0222222
2 0.5052083 0.2962962 0.10625 0.0888888
1 0.4395833 0.3925925 0.1291666 0.1851851
0 0.3572916 0.3851851 0.0395833 0.0814814
0 0.084375 0.4166666 0.0604166 0.1666666
1 0.3239583 0.3296296 0.08125 0.1111111
0 0.1125 0.9907407 0.1083333 0.0185185
0 0.2833333 0.274074 0.0166666 0.0222222
