2 0.890625 0.3666666 0.04375 0.0962962
0 0.8510416 0.3018518 0.03125 0.0481481
0 0.8312499 0.2814814 0.0291666 0.037037
0 0.690625 0.3388888 0.0479166 0.0703703
0 0.70625 0.324074 0.0416666 0.0629629
0 0.7208333 0.3092592 0.0333333 0.0703703
0 0.7614583 0.2981481 0.0145833 0.0407407
0 0.76875 0.2907407 0.0291666 0.0481481
0 0.784375 0.2814814 0.03125 0.0444444
0 0.7916666 0.2777777 0.0291666 0.0444444
2 0.7447916 0.2944444 0.0229166 0.0629629
2 0.8010416 0.2629629 0.0229166 0.0518518
2 0.8197916 0.2444444 0.0270833 0.0444444
0 0.8395833 0.2537037 0.0208333 0.0333333
0 0.5875 0.3 0.0333333 0.0444444
0 0.6520833 0.2777777 0.025 0.037037
0 0.8677083 0.2518518 0.01875 0.0296296
0 0.4770833 0.7092592 0.2458333 0.2481481
0 0.2479166 0.5277777 0.1125 0.1592592
0 0.4645833 0.3722222 0.0666666 0.0703703
2 0.3916666 0.3537037 0.0541666 0.0777777
0 0.71875 0.2685185 0.025 0.0259259
0 0.76875 0.25 0.0208333 0.0185185
0 0.8322916 0.2092592 0.0145833 0.0185185
0 0.6770833 0.2833333 0.0291666 0.0333333
0 0.6489583 0.3166666 0.0395833 0.0481481
0 0.7447916 0.2611111 0.0229166 0.0185185
0 0.784375 0.2407407 0.01875 0.0222222
0 0.2958333 0.3907407 0.1166666 0.1888888
0 0.4885416 0.3277777 0.04375 0.0481481
0 0.8177083 0.2666666 0.0145833 0.037037
1 0.234375 0.3925925 0.16875 0.1777777
0 0.7260416 0.2629629 0.0229166 0.0296296
0 0.7510416 0.2555555 0.0229166 0.0296296
0 0.740625 0.2481481 0.01875 0.0222222
