0 0.190625 0.4722222 0.1770833 0.174074
0 0.728125 0.3555555 0.08125 0.1259259
0 0.7802083 0.2759259 0.04375 0.0703703
0 0.7375 0.2333333 0.0375 0.0518518
0 0.8010416 0.2296296 0.0270833 0.0444444
0 0.8052083 0.2129629 0.0229166 0.0333333
0 0.8260416 0.2074074 0.0229166 0.0296296
2 0.7979166 0.1796296 0.0208333 0.0407407
2 0.784375 0.1759259 0.0145833 0.0259259
0 0.7729166 0.2 0.0208333 0.0296296
0 0.765625 0.174074 0.0145833 0.0222222
0 0.7510416 0.1759259 0.01875 0.0259259
0 0.715625 0.1611111 0.01875 0.0259259
0 0.684375 0.1592592 0.01875 0.0222222
0 0.640625 0.15 0.0229166 0.0259259
0 0.6020833 0.1796296 0.0416666 0.0407407
0 0.5854166 0.1481481 0.0333333 0.0518518
0 0.4583333 0.1222222 0.0416666 0.037037
0 0.4447916 0.1425925 0.04375 0.0407407
0 0.6302083 0.2203703 0.0479166 0.0555555
0 0.2020833 0.2592592 0.0958333 0.0814814
