0 0.64375 0.6388888 0.2125 0.3
0 0.6864583 0.4203703 0.1104166 0.1148148
0 0.4916666 0.4111111 0.1166666 0.1481481
1 0.5729166 0.2666666 0.1 0.1185185
0 0.3041666 0.2777777 0.05 0.0814814
0 0.4697916 0.224074 0.04375 0.0481481
2 0.359375 0.2407407 0.0395833 0.074074
0 0.40625 0.1907407 0.0375 0.0703703
0 0.25 0.2092592 0.025 0.0407407
0 0.3385416 0.2277777 0.03125 0.0629629
0 0.321875 0.2111111 0.0354166 0.0518518
0 0.3625 0.1944444 0.0291666 0.0333333
0 0.3333333 0.1777777 0.0208333 0.0296296
0 0.365625 0.1685185 0.0229166 0.0259259
0 0.2760416 0.1611111 0.0270833 0.0259259
1 0.2510416 0.15 0.0145833 0.0333333
2 0.2208333 0.1722222 0.0166666 0.0333333
2 0.4229166 0.3092592 0.0833333 0.1222222
2 0.9302083 0.5074074 0.0979166 0.1407407
