0 0.9375 0.6833333 0.125 0.1962962
0 0.6447916 0.6388888 0.2104166 0.3
1 0.6833333 0.3333333 0.15 0.1703703
0 0.4927083 0.4111111 0.1145833 0.1481481
0 0.5166666 0.2537037 0.0541666 0.0555555
0 0.4239583 0.2 0.04375 0.0814814
2 0.359375 0.2407407 0.0395833 0.074074
0 0.3791666 0.2111111 0.0333333 0.0444444
0 0.290625 0.2444444 0.0395833 0.0592592
0 0.3395833 0.2277777 0.0333333 0.0629629
0 0.31875 0.2092592 0.0291666 0.0481481
0 0.3416666 0.1833333 0.025 0.0333333
0 0.3802083 0.1759259 0.0229166 0.0259259
0 0.2489583 0.2 0.0229166 0.037037
0 0.29375 0.1629629 0.025 0.0222222
0 0.2458333 0.1629629 0.025 0.0222222
2 0.4229166 0.3111111 0.0833333 0.1259259
