1 0.0145833 0.3555555 0.0291666 0.1703703
0 0.14375 0.187037 0.05 0.0333333
0 0.0875 0.2018518 0.025 0.0333333
0 0.69375 0.1333333 0.1166666 0.0814814
0 0.834375 0.0777777 0.0354166 0.0518518
2 0.859375 0.0722222 0.0354166 0.0629629
0 0.9052083 0.0888888 0.0270833 0.037037
0 0.7958333 0.0314814 0.025 0.0407407
0 0.8125 0.0518518 0.025 0.037037
0 0.0489583 0.2148148 0.0604166 0.0888888
0 0.1854166 0.1518518 0.0541666 0.037037
1 0.240625 0.324074 0.4645833 0.3888888
0 0.4125 0.1388888 0.0875 0.0481481
2 0.81875 0.2388888 0.2583333 0.2111111
