0 0.5604166 0.1222222 0.1166666 0.0814814
0 0.1833333 0.1611111 0.0625 0.0481481
0 0.15625 0.1851851 0.0458333 0.0296296
0 0.0947916 0.2092592 0.0604166 0.0481481
1 0.2802083 0.324074 0.5020833 0.4037037
0 0.0260416 0.3407407 0.0354166 0.0962962
0 0.028125 0.274074 0.0520833 0.0592592
1 0.0135416 0.3425925 0.0270833 0.1666666
0 0.0354166 0.2277777 0.0583333 0.0851851
0 0.08125 0.2092592 0.0416666 0.0481481
0 0.059375 0.1925925 0.0229166 0.0296296
0 0.834375 0.0777777 0.0354166 0.0518518
0 0.8947916 0.0796296 0.0270833 0.0407407
2 0.859375 0.0777777 0.0354166 0.0518518
2 0.865625 0.2166666 0.26875 0.2851851
0 0.9875 0.174074 0.025 0.037037
0 0.671875 0.05 0.0270833 0.0407407
0 0.671875 0.0685185 0.0270833 0.0333333
