1 0.8458333 0.6129629 0.3083333 0.4333333
0 0.5447916 0.5092592 0.11875 0.137037
1 0.4395833 0.3888888 0.1416666 0.1777777
0 0.33125 0.3518518 0.0458333 0.0666666
0 0.3072916 0.3888888 0.05625 0.074074
0 0.2197916 0.3722222 0.0520833 0.0777777
0 0.29375 0.4555555 0.075 0.1037037
0 0.184375 0.45 0.0645833 0.1
0 0.2614583 0.687037 0.2520833 0.4407407
0 0.3302083 0.3055555 0.03125 0.0333333
0 0.284375 0.2981481 0.03125 0.0333333
0 0.2385416 0.2907407 0.0229166 0.0333333
0 0.2625 0.2907407 0.025 0.0259259
0 0.2125 0.2925925 0.025 0.0296296
0 0.1510416 0.287037 0.03125 0.0259259
0 0.1052083 0.2888888 0.0270833 0.0296296
0 0.1375 0.3259259 0.0333333 0.0518518
0 0.078125 0.2907407 0.0229166 0.0333333
1 0.7479166 0.3277777 0.1333333 0.1296296
2 0.478125 0.287037 0.0604166 0.0703703
