2 0.8947916 0.35 0.0395833 0.0925925
0 0.8604166 0.2925925 0.0291666 0.0444444
0 0.840625 0.2777777 0.0270833 0.037037
0 0.690625 0.3388888 0.0479166 0.0703703
0 0.70625 0.324074 0.0416666 0.0629629
0 0.7208333 0.3092592 0.0333333 0.0703703
0 0.7614583 0.2981481 0.0145833 0.0407407
0 0.76875 0.2907407 0.0291666 0.0481481
0 0.784375 0.2814814 0.03125 0.0444444
0 0.7916666 0.2777777 0.0291666 0.0444444
2 0.7447916 0.2944444 0.0229166 0.0629629
2 0.8010416 0.2629629 0.0229166 0.0518518
2 0.81875 0.2462962 0.0291666 0.0481481
0 0.8395833 0.2518518 0.0208333 0.0296296
0 0.553125 0.3092592 0.0395833 0.0481481
0 0.8677083 0.2518518 0.01875 0.0296296
0 0.3822916 0.4037037 0.08125 0.0888888
2 0.303125 0.3777777 0.0645833 0.0888888
0 0.7 0.2833333 0.0375 0.0407407
0 0.7541666 0.2555555 0.0208333 0.0222222
0 0.8260416 0.2129629 0.0145833 0.0185185
0 0.64375 0.2888888 0.0333333 0.037037
0 0.5885416 0.3444444 0.05625 0.0592592
0 0.7760416 0.2462962 0.0229166 0.0259259
0 0.425 0.3481481 0.05 0.0592592
0 0.8177083 0.2666666 0.0145833 0.037037
0 0.7354166 0.2555555 0.0208333 0.0222222
0 0.7041666 0.2611111 0.0208333 0.0111111
0 0.7229166 0.2722222 0.025 0.0333333
0 0.246875 0.6481481 0.1354166 0.2296296
0 0.190625 0.4259259 0.1395833 0.2222222
0 0.8583333 0.8648148 0.2833333 0.2703703
1 0.0666666 0.4518518 0.1333333 0.2222222
