1 0.5802083 0.4648148 0.2395833 0.2777777
0 0.89375 0.6851851 0.2125 0.2222222
0 0.6052083 0.7685185 0.44375 0.4481481
0 0.4083333 0.4018518 0.0666666 0.0925925
0 0.3552083 0.4333333 0.0729166 0.0962962
0 0.2958333 0.4574074 0.075 0.1074074
0 0.2416666 0.4 0.0583333 0.0888888
0 0.184375 0.4481481 0.0645833 0.0962962
0 0.15625 0.3555555 0.0416666 0.0666666
0 0.1375 0.3018518 0.0291666 0.0407407
0 0.1822916 0.2888888 0.0354166 0.0296296
0 0.2145833 0.2925925 0.025 0.0296296
0 0.2395833 0.2944444 0.025 0.0259259
0 0.2625 0.2962962 0.0291666 0.0296296
0 0.2854166 0.2962962 0.0208333 0.0296296
0 0.3510416 0.3074074 0.0354166 0.037037
0 0.0822916 0.2888888 0.03125 0.0222222
1 0.7479166 0.3277777 0.1333333 0.1296296
2 0.4822916 0.2907407 0.0604166 0.0777777
