0 0.1166666 0.8296296 0.1583333 0.2814814
0 0.1416666 0.3351851 0.0333333 0.0481481
0 0.2020833 0.3407407 0.0375 0.0518518
0 0.0770833 0.2925925 0.0208333 0.0296296
0 0.0625 0.2907407 0.0166666 0.0259259
0 0.0947916 0.2888888 0.03125 0.0222222
0 0.2635416 0.2796296 0.01875 0.0259259
0 0.2458333 0.2944444 0.025 0.0259259
0 0.565625 0.4611111 0.09375 0.1
0 0.771875 0.4277777 0.0979166 0.0777777
1 0.8614583 0.3537037 0.15625 0.1444444
0 0.3520833 0.3018518 0.0208333 0.0333333
2 0.5052083 0.2962962 0.10625 0.0888888
1 0.4395833 0.3925925 0.1291666 0.1851851
0 0.3572916 0.3851851 0.0395833 0.0814814
1 0.3072916 0.3222222 0.0770833 0.1037037
0 0.084375 0.4148148 0.0604166 0.1703703
