2 0.8947916 0.35 0.0395833 0.0925925
0 0.8604166 0.2907407 0.0291666 0.0407407
0 0.690625 0.3388888 0.0479166 0.0703703
0 0.70625 0.324074 0.0416666 0.0629629
0 0.7208333 0.3092592 0.0333333 0.0703703
0 0.7614583 0.2981481 0.0145833 0.0407407
0 0.76875 0.2907407 0.0291666 0.0481481
0 0.784375 0.2814814 0.03125 0.0444444
0 0.7916666 0.2777777 0.0291666 0.0444444
2 0.746875 0.2944444 0.0229166 0.0629629
2 0.8010416 0.2629629 0.0229166 0.0518518
2 0.8177083 0.25 0.0270833 0.0555555
0 0.5479166 0.3111111 0.0416666 0.0444444
0 0.8677083 0.2537037 0.01875 0.0259259
0 0.3666666 0.4111111 0.0833333 0.0888888
2 0.2875 0.3833333 0.0666666 0.0925925
0 0.69375 0.2851851 0.0375 0.0444444
0 0.7510416 0.2555555 0.0229166 0.0222222
0 0.825 0.2129629 0.0125 0.0185185
0 0.6375 0.2944444 0.0333333 0.0407407
0 0.5770833 0.3518518 0.0583333 0.0666666
0 0.7739583 0.2462962 0.0229166 0.0259259
0 0.4114583 0.3518518 0.0520833 0.0592592
0 0.8177083 0.2666666 0.0145833 0.037037
0 0.73125 0.2555555 0.0208333 0.0222222
0 0.6989583 0.2611111 0.0229166 0.0111111
0 0.7177083 0.2703703 0.0229166 0.0148148
0 0.1708333 0.4351851 0.1458333 0.2333333
0 0.8395833 0.2759259 0.025 0.0333333
0 0.8395833 0.2555555 0.0208333 0.0222222
0 0.2625 0.6777777 0.1541666 0.2518518
0 0.9052083 0.8796296 0.1895833 0.2407407
1 0.0520833 0.4555555 0.1041666 0.2148148
