1 0.1947916 0.4148148 0.1145833 0.1777777
1 0.14375 0.3722222 0.0625 0.1148148
0 0.978125 0.3518518 0.0354166 0.0592592
0 0.4854166 0.3092592 0.0625 0.0407407
0 0.9739583 0.3685185 0.0270833 0.0407407
0 0.3 0.3481481 0.0625 0.0296296
0 0.4239583 0.3 0.0520833 0.0444444
0 0.353125 0.3129629 0.0645833 0.0925925
0 0.3927083 0.3018518 0.03125 0.0407407
0 0.325 0.2888888 0.0333333 0.0444444
2 0.9125 0.5574074 0.175 0.337037
0 0.7052083 0.4185185 0.13125 0.0962962
0 0.4885416 0.3574074 0.0770833 0.0629629
0 0.471875 0.3333333 0.0729166 0.0518518
0 0.3697916 0.274074 0.0270833 0.0222222
0 0.9885416 0.4962962 0.0229166 0.0518518
1 0.428125 0.587037 0.4020833 0.4777777
