0 0.4645833 0.1222222 0.0291666 0.0296296
0 0.4427083 0.1185185 0.00625 0.0148148
0 0.5958333 0.1518518 0.025 0.0222222
0 0.4385416 0.1425925 0.0145833 0.0407407
0 0.4572916 0.1407407 0.01875 0.0296296
0 0.6416666 0.1481481 0.0208333 0.0222222
0 0.2260416 0.5648148 0.24375 0.2333333
0 0.4041666 0.6314814 0.25 0.2851851
1 0.7260416 0.4111111 0.1729166 0.3777777
0 0.6145833 0.2703703 0.0708333 0.074074
0 0.7041666 0.2592592 0.0416666 0.0518518
1 0.80625 0.1944444 0.025 0.0555555
0 0.7958333 0.2148148 0.025 0.037037
0 0.7635416 0.2148148 0.0270833 0.037037
0 0.0479166 0.3222222 0.0958333 0.1185185
0 0.03125 0.2851851 0.0625 0.1111111
0 0.778125 0.1907407 0.01875 0.0259259
0 0.7395833 0.1981481 0.025 0.0333333
0 0.6947916 0.1944444 0.0270833 0.0333333
0 0.4197916 0.1944444 0.0604166 0.0481481
0 0.50625 0.1851851 0.0458333 0.0518518
2 0.5489583 0.1925925 0.0604166 0.0518518
2 0.6635416 0.1574074 0.01875 0.0259259
0 0.68125 0.1592592 0.0166666 0.0222222
