0 0.834375 0.0777777 0.0354166 0.0518518
2 0.859375 0.0722222 0.0354166 0.0629629
0 0.7958333 0.0314814 0.025 0.0407407
0 0.8125 0.0518518 0.025 0.037037
0 0.9364583 0.1203703 0.0354166 0.0407407
0 0.9666666 0.2129629 0.0666666 0.0703703
0 0.3822916 0.1388888 0.0895833 0.0629629
0 0.1822916 0.1592592 0.0604166 0.0444444
0 0.11875 0.1759259 0.075 0.0851851
0 0.0729166 0.2074074 0.025 0.0444444
0 0.05625 0.1962962 0.0291666 0.037037
1 0.1958333 0.3222222 0.3916666 0.3629629
0 0.6135416 0.1518518 0.08125 0.074074
2 0.6083333 0.187037 0.3416666 0.2629629
0 0.3125 0.1425925 0.0625 0.0333333
