0 0.834375 0.0777777 0.0354166 0.0518518
2 0.859375 0.0722222 0.0354166 0.0629629
0 0.7958333 0.0314814 0.025 0.0407407
0 0.8125 0.0518518 0.025 0.037037
0 0.9635416 0.1462962 0.0395833 0.0481481
0 0.8364583 0.187037 0.1270833 0.0925925
0 0.4083333 0.15 0.1 0.0777777
0 0.0822916 0.2037037 0.04375 0.0444444
0 0.0572916 0.1962962 0.03125 0.037037
0 0.1802083 0.1444444 0.0895833 0.0888888
1 0.1895833 0.3259259 0.3791666 0.3555555
0 0.5489583 0.1351851 0.01875 0.0481481
2 0.55625 0.1888888 0.2833333 0.2444444
0 0.1166666 0.1814814 0.0333333 0.0296296
