0 0.4447916 0.1425925 0.04375 0.0407407
0 0.459375 0.1222222 0.0395833 0.0296296
1 0.7114583 0.3944444 0.1770833 0.3296296
0 0.5114583 0.1537037 0.04375 0.0555555
0 0.2604166 0.7962962 0.3166666 0.4
0 0.496875 0.3666666 0.1229166 0.1259259
0 0.4958333 0.2777777 0.0833333 0.074074
0 0.2177083 0.3018518 0.1104166 0.0925925
0 0.6770833 0.2 0.0291666 0.037037
0 0.7875 0.2462962 0.0291666 0.0481481
0 0.796875 0.2259259 0.0229166 0.037037
0 0.803125 0.2055555 0.01875 0.0259259
0 0.8104166 0.1962962 0.0125 0.0222222
0 0.7802083 0.1944444 0.01875 0.0259259
0 0.7354166 0.1796296 0.0208333 0.0259259
0 0.5947916 0.1518518 0.0229166 0.0222222
0 0.6135416 0.1629629 0.0270833 0.0296296
0 0.6416666 0.1481481 0.0208333 0.0222222
0 0.6520833 0.1648148 0.0291666 0.0333333
0 0.6729166 0.1555555 0.0208333 0.0296296
0 0.70625 0.1592592 0.0166666 0.0222222
0 0.734375 0.1611111 0.0145833 0.0185185
