0 0.6989583 0.4925925 0.0604166 0.0962962
0 0.8145833 0.4259259 0.0875 0.074074
0 0.5739583 0.35 0.0729166 0.0629629
0 0.4604166 0.8537037 0.1916666 0.2925925
0 0.5614583 0.6333333 0.1104166 0.1777777
0 0.0302083 0.3796296 0.0520833 0.0481481
0 0.590625 0.5092592 0.0729166 0.1148148
0 0.0833333 0.3611111 0.05 0.0555555
0 0.16875 0.3425925 0.0666666 0.0333333
0 0.2895833 0.274074 0.025 0.037037
0 0.4770833 0.3537037 0.0666666 0.1222222
1 0.1541666 0.4018518 0.125 0.1148148
0 0.95 0.324074 0.05 0.0407407
1 0.15625 0.6666666 0.3125 0.5185185
