0 0.084375 0.4425925 0.06875 0.1888888
0 0.2614583 0.4166666 0.0604166 0.0851851
0 0.1697916 0.3962962 0.0520833 0.074074
0 0.140625 0.3037037 0.0270833 0.037037
0 0.1520833 0.3 0.0208333 0.0296296
0 0.1552083 0.287037 0.03125 0.0259259
0 0.0791666 0.2907407 0.0208333 0.0259259
0 0.0895833 0.2925925 0.0166666 0.0222222
0 0.096875 0.2907407 0.01875 0.0185185
0 0.0645833 0.2907407 0.0125 0.0185185
0 0.0541666 0.2888888 0.0208333 0.0222222
0 0.2375 0.2944444 0.0291666 0.0259259
0 0.2729166 0.2925925 0.0291666 0.0296296
0 0.2625 0.2777777 0.0208333 0.0222222
0 0.271875 0.274074 0.0104166 0.0148148
0 0.284375 0.2759259 0.01875 0.0259259
0 0.2989583 0.274074 0.0145833 0.0222222
0 0.309375 0.2685185 0.0104166 0.0185185
0 0.2989583 0.2611111 0.0145833 0.0111111
0 0.3125 0.2648148 0.0166666 0.0185185
0 0.321875 0.2629629 0.0104166 0.0148148
0 0.3260416 0.2629629 0.00625 0.0148148
0 0.3291666 0.2611111 0.0125 0.0185185
0 0.3354166 0.2592592 0.0041666 0.0148148
1 0.3375 0.3388888 0.0875 0.1222222
0 0.3583333 0.3907407 0.0416666 0.0703703
1 0.4427083 0.3907407 0.13125 0.1814814
1 0.7479166 0.3259259 0.1333333 0.1185185
0 0.5666666 0.4574074 0.0916666 0.1
2 0.5052083 0.2962962 0.10625 0.0888888
0 0.7916666 0.4777777 0.1125 0.0962962
0 0.909375 0.4277777 0.1104166 0.0851851
0 0.603125 0.3944444 0.0770833 0.0851851
