0 0.4052083 0.3407407 0.0604166 0.0518518
0 0.4864583 0.3111111 0.0604166 0.0444444
0 0.3854166 0.3 0.0458333 0.037037
0 0.3677083 0.274074 0.03125 0.0296296
0 0.4229166 0.3018518 0.05 0.0407407
1 0.1447916 0.374074 0.0645833 0.1185185
0 0.978125 0.3518518 0.0354166 0.0592592
0 0.9739583 0.3685185 0.0270833 0.0407407
0 0.7125 0.3851851 0.1125 0.0888888
1 0.2072916 0.4185185 0.13125 0.1851851
1 0.53125 0.6611111 0.525 0.5962962
0 0.3083333 0.3666666 0.075 0.0666666
0 0.553125 0.3759259 0.10625 0.0777777
0 0.3447916 0.3203703 0.04375 0.0407407
0 0.3 0.3055555 0.05 0.0777777
