0 0.14375 0.3388888 0.0333333 0.0481481
0 0.2052083 0.3462962 0.0395833 0.0555555
0 0.08125 0.2925925 0.0208333 0.0296296
0 0.0635416 0.2907407 0.01875 0.0259259
0 0.0989583 0.2888888 0.03125 0.0222222
0 0.24375 0.2944444 0.025 0.0259259
0 0.5666666 0.4611111 0.0916666 0.1
0 0.7354166 0.4166666 0.0916666 0.0777777
1 0.8479166 0.35 0.1458333 0.137037
0 0.3458333 0.3055555 0.0208333 0.0407407
0 0.2635416 0.2796296 0.01875 0.0259259
0 0.1104166 0.874074 0.1791666 0.2518518
2 0.5052083 0.2962962 0.10625 0.0888888
1 0.4395833 0.3925925 0.1291666 0.1851851
0 0.3572916 0.3851851 0.0395833 0.0814814
0 0.084375 0.4166666 0.0604166 0.1666666
1 0.3104166 0.3222222 0.075 0.1037037
