0 0.7697916 0.8425925 0.26875 0.3148148
0 0.9447916 0.5592592 0.1104166 0.1259259
0 0.6072916 0.4833333 0.1520833 0.1666666
0 0.3270833 0.2388888 0.0333333 0.0555555
1 0.2854166 0.2388888 0.0666666 0.137037
0 0.3197916 0.2018518 0.0270833 0.0333333
0 0.334375 0.1814814 0.01875 0.0296296
0 0.3104166 0.1611111 0.0166666 0.0259259
0 0.365625 0.1611111 0.0145833 0.0185185
0 0.3979166 0.1759259 0.0166666 0.0259259
0 0.434375 0.1759259 0.01875 0.0259259
0 0.4947916 0.1981481 0.0270833 0.0259259
2 0.559375 0.2277777 0.0354166 0.0481481
0 0.6166666 0.2277777 0.0416666 0.0629629
0 0.078125 0.2777777 0.03125 0.0518518
0 0.0104166 0.374074 0.0208333 0.0444444
