0 0.1208333 0.4759259 0.0666666 0.0777777
0 0.0791666 0.4629629 0.0375 0.0592592
0 0.0947916 0.424074 0.0229166 0.0333333
2 0.028125 0.4555555 0.0520833 0.0962962
0 0.215625 0.4833333 0.0770833 0.0777777
0 0.3385416 0.4703703 0.0770833 0.0814814
2 0.2260416 0.3537037 0.09375 0.1
2 0.28125 0.3481481 0.0416666 0.0888888
1 0.153125 0.4296296 0.0979166 0.1333333
0 0.0520833 0.4851851 0.05 0.0222222
1 0.0833333 0.6148148 0.1666666 0.2814814
0 0.8635416 0.374074 0.0895833 0.1037037
0 0.9739583 0.4111111 0.0520833 0.0518518
