1 0.1895833 0.3259259 0.3791666 0.3555555
2 0.8583333 0.0759259 0.0375 0.0481481
0 0.8333333 0.0759259 0.0333333 0.0481481
0 0.8114583 0.0555555 0.0229166 0.0444444
0 0.7979166 0.0333333 0.0291666 0.037037
0 0.1166666 0.1907407 0.0416666 0.0407407
0 0.0802083 0.2055555 0.04375 0.0407407
0 0.7791666 0.137037 0.1375 0.1629629
2 0.9114583 0.1611111 0.0729166 0.0925925
1 0.1875 0.1444444 0.1125 0.0888888
2 0.5239583 0.1962962 0.26875 0.2148148
0 0.5864583 0.0611111 0.0604166 0.0407407
0 0.6708333 0.05 0.0291666 0.0481481
