1 0.0125 0.3555555 0.025 0.1703703
2 0.771875 0.1962962 0.3104166 0.2888888
0 0.834375 0.0777777 0.0354166 0.0518518
2 0.859375 0.0722222 0.0354166 0.0629629
0 0.909375 0.0925925 0.0270833 0.037037
0 0.7958333 0.0314814 0.025 0.0407407
0 0.8125 0.0518518 0.025 0.037037
0 0.0552083 0.2092592 0.0604166 0.0851851
0 0.1854166 0.1518518 0.0541666 0.037037
1 0.2322916 0.324074 0.45625 0.3888888
0 0.7322916 0.1444444 0.11875 0.074074
0 0.4354166 0.1518518 0.0916666 0.074074
0 0.1645833 0.1777777 0.0458333 0.0296296
