1 0.1895833 0.3259259 0.3791666 0.3555555
2 0.8583333 0.0777777 0.0375 0.0444444
0 0.834375 0.0759259 0.0354166 0.0481481
0 0.8125 0.0537037 0.025 0.0407407
0 0.796875 0.0314814 0.0270833 0.0407407
0 0.1833333 0.1611111 0.0583333 0.0481481
0 0.0927083 0.2074074 0.0479166 0.037037
0 0.08125 0.2074074 0.0416666 0.0444444
0 0.1208333 0.1833333 0.0375 0.0333333
1 0.5875 0.0962962 0.175 0.1185185
2 0.5239583 0.1962962 0.26875 0.2
0 0.05625 0.1962962 0.0291666 0.037037
0 0.984375 0.1962962 0.03125 0.1333333
