1 0.1895833 0.3259259 0.3791666 0.3555555
2 0.8583333 0.0722222 0.0375 0.0407407
0 0.8333333 0.0666666 0.0333333 0.0296296
0 0.8125 0.0537037 0.025 0.0407407
0 0.7979166 0.0333333 0.0291666 0.037037
0 0.1739583 0.1611111 0.0395833 0.0481481
0 0.1166666 0.1907407 0.0416666 0.0407407
0 0.0802083 0.2055555 0.04375 0.0407407
1 0.2541666 0.124074 0.1333333 0.0925925
0 0.8416666 0.1481481 0.1291666 0.1703703
2 0.965625 0.1833333 0.0604166 0.0925925
2 0.5010416 0.1833333 0.3145833 0.2333333
0 0.5791666 0.0611111 0.0708333 0.0407407
0 0.6729166 0.05 0.0291666 0.0481481
