0 0.64375 0.6407407 0.2125 0.3037037
0 0.4916666 0.4111111 0.1166666 0.1481481
2 0.421875 0.3037037 0.0854166 0.1407407
0 0.440625 0.2092592 0.0354166 0.0407407
2 0.359375 0.2444444 0.0395833 0.074074
0 0.2489583 0.2185185 0.0270833 0.0444444
0 0.3385416 0.2296296 0.03125 0.0592592
0 0.321875 0.2129629 0.0354166 0.0481481
0 0.3270833 0.1722222 0.0208333 0.0259259
0 0.35625 0.1629629 0.0208333 0.0222222
0 0.2583333 0.1629629 0.025 0.0222222
1 0.2510416 0.15 0.0145833 0.0333333
2 0.2229166 0.174074 0.0166666 0.037037
0 0.3947916 0.1851851 0.0354166 0.0666666
0 0.565625 0.3222222 0.0770833 0.0814814
1 0.5145833 0.2333333 0.0791666 0.0962962
2 0.796875 0.4 0.0895833 0.1185185
0 0.3229166 0.324074 0.0666666 0.1074074
0 0.3520833 0.1888888 0.025 0.037037
