1 0.778125 0.2481481 0.0645833 0.1259259
0 0.428125 0.1629629 0.05625 0.074074
0 0.2854166 0.8092592 0.325 0.3814814
0 0.6802083 0.4574074 0.1104166 0.174074
0 0.6666666 0.3185185 0.0708333 0.0888888
0 0.4833333 0.3703703 0.125 0.1259259
0 0.5645833 0.2481481 0.0666666 0.0592592
0 0.7072916 0.2222222 0.0354166 0.0444444
0 0.6895833 0.1925925 0.0291666 0.037037
0 0.7385416 0.1796296 0.01875 0.0259259
0 0.809375 0.1962962 0.0104166 0.0222222
0 0.7958333 0.1851851 0.0125 0.0148148
0 0.765625 0.1759259 0.0145833 0.0185185
0 0.525 0.1814814 0.0541666 0.0518518
0 0.49375 0.1796296 0.0375 0.0407407
0 0.459375 0.1222222 0.0395833 0.0296296
0 0.4489583 0.1388888 0.03125 0.0333333
0 0.6177083 0.1611111 0.03125 0.0333333
0 0.596875 0.1537037 0.0270833 0.0259259
0 0.640625 0.15 0.0229166 0.0259259
0 0.659375 0.15 0.0145833 0.0185185
0 0.6677083 0.15 0.0145833 0.0185185
0 0.6739583 0.1629629 0.01875 0.0222222
0 0.6791666 0.15 0.0125 0.0185185
0 0.7114583 0.1648148 0.01875 0.0185185
