0 0.8052083 0.3537037 0.0479166 0.0703703
0 0.3239583 0.6537037 0.16875 0.2259259
0 0.7895833 0.3111111 0.0416666 0.0518518
0 0.0666666 0.4888888 0.1333333 0.1185185
0 0.4260416 0.4185185 0.09375 0.0962962
0 0.690625 0.3388888 0.04375 0.0703703
0 0.70625 0.3259259 0.0416666 0.0666666
2 0.7208333 0.3074074 0.0333333 0.074074
0 0.7614583 0.2962962 0.0145833 0.0444444
0 0.7864583 0.2777777 0.0354166 0.0444444
2 0.8010416 0.2629629 0.0229166 0.0592592
0 0.75625 0.2629629 0.0291666 0.0222222
0 0.6708333 0.274074 0.0291666 0.037037
0 0.8177083 0.2666666 0.0145833 0.037037
2 0.821875 0.2574074 0.0229166 0.0407407
2 0.8197916 0.2314814 0.0270833 0.0185185
0 0.7541666 0.2388888 0.0166666 0.0259259
0 0.8416666 0.2537037 0.0208333 0.0407407
0 0.86875 0.2518518 0.0208333 0.0296296
2 0.7416666 0.2944444 0.0375 0.0703703
0 0.5635416 0.3555555 0.0604166 0.074074
2 0.8541666 0.4481481 0.0791666 0.1555555
0 0.7645833 0.2537037 0.0208333 0.0333333
0 0.715625 0.2574074 0.0229166 0.0333333
0 0.78125 0.2444444 0.0166666 0.0296296
0 0.7989583 0.2296296 0.01875 0.0222222
0 0.5125 0.3259259 0.0625 0.1259259
1 0.5583333 0.2981481 0.0541666 0.0851851
0 0.4635416 0.3481481 0.04375 0.0592592
0 0.625 0.2888888 0.0291666 0.037037
0 0.7697916 0.2907407 0.03125 0.0407407
0 0.8833333 0.8648148 0.2333333 0.2703703
0 0.6510416 0.3018518 0.0354166 0.0481481
