0 0.3197916 0.2129629 0.03125 0.0481481
0 0.3395833 0.2296296 0.0333333 0.0592592
2 0.359375 0.2444444 0.0395833 0.0666666
2 0.4229166 0.3055555 0.0833333 0.137037
0 0.49375 0.4129629 0.1166666 0.1518518
0 0.6447916 0.6388888 0.2104166 0.3
0 0.3260416 0.1722222 0.01875 0.0259259
0 0.34375 0.1851851 0.025 0.0296296
0 0.3916666 0.2277777 0.0375 0.0481481
0 0.2583333 0.1814814 0.025 0.0296296
1 0.2520833 0.1481481 0.0166666 0.0296296
0 0.271875 0.1592592 0.0229166 0.0222222
0 0.3166666 0.1555555 0.0166666 0.0222222
0 0.3302083 0.1574074 0.0145833 0.0185185
0 0.3510416 0.1629629 0.01875 0.0222222
0 0.3666666 0.1592592 0.0166666 0.0222222
0 0.4041666 0.1759259 0.0208333 0.0333333
0 0.371875 0.1777777 0.0270833 0.0296296
0 0.4322916 0.2037037 0.0354166 0.037037
0 0.5125 0.3259259 0.0833333 0.0962962
0 0.2239583 0.174074 0.0229166 0.0222222
0 0.6 0.3092592 0.1041666 0.1666666
