2 0.8520833 0.724074 0.2958333 0.5518518
2 0.8322916 0.3777777 0.06875 0.0888888
0 0.6916666 0.2611111 0.0541666 0.0777777
0 0.6020833 0.2462962 0.0458333 0.0407407
0 0.4979166 0.2055555 0.0333333 0.0333333
0 0.465625 0.1814814 0.0229166 0.0296296
0 0.421875 0.1907407 0.0229166 0.0333333
0 0.425 0.1648148 0.0125 0.0185185
0 0.4052083 0.1555555 0.0104166 0.0148148
0 0.365625 0.1592592 0.0145833 0.0222222
0 0.375 0.3129629 0.0625 0.0925925
0 0.3520833 0.237037 0.0416666 0.0518518
1 0.26875 0.1833333 0.0375 0.0703703
0 0.3052083 0.1907407 0.0229166 0.0333333
0 0.325 0.1796296 0.0208333 0.0259259
0 0.3270833 0.1648148 0.0166666 0.0185185
0 0.3166666 0.1537037 0.0125 0.0185185
