0 0.3854166 0.3 0.0458333 0.037037
0 0.3677083 0.274074 0.03125 0.0296296
0 0.4229166 0.3018518 0.05 0.0407407
1 0.1510416 0.3777777 0.0770833 0.1259259
0 0.978125 0.3518518 0.0354166 0.0592592
0 0.9739583 0.3685185 0.0270833 0.0407407
0 0.3270833 0.2814814 0.0375 0.037037
1 0.23125 0.437037 0.1541666 0.2148148
0 0.7479166 0.4333333 0.1291666 0.1037037
0 0.4625 0.3555555 0.0875 0.0666666
0 0.3447916 0.3296296 0.0479166 0.0444444
0 0.325 0.3814814 0.0833333 0.0888888
0 0.3552083 0.4611111 0.0895833 0.137037
0 0.265625 0.3055555 0.0395833 0.0629629
0 0.5010416 0.337037 0.06875 0.0592592
0 0.2864583 0.3148148 0.00625 0.0296296
0 0.4875 0.3074074 0.0625 0.0444444
1 0.6822916 0.6962962 0.6354166 0.6074074
