0 0.7260416 0.4388888 0.0604166 0.0777777
0 0.5291666 0.3648148 0.0708333 0.0703703
0 0.4604166 0.8537037 0.1916666 0.2925925
0 0.5614583 0.6333333 0.1104166 0.1777777
0 0.590625 0.5092592 0.0729166 0.1148148
0 0.0854166 0.3592592 0.0625 0.0518518
0 0.165625 0.3481481 0.0729166 0.0444444
0 0.2895833 0.274074 0.025 0.037037
0 0.95 0.324074 0.05 0.0481481
0 0.4510416 0.3814814 0.0645833 0.1333333
0 0.0333333 0.3814814 0.0541666 0.0444444
0 0.1114583 0.3851851 0.05625 0.0592592
1 0.1270833 0.4944444 0.1375 0.2629629
0 0.1635416 0.3333333 0.0645833 0.0296296
0 0.690625 0.8574074 0.1479166 0.2851851
