0 0.4447916 0.1425925 0.04375 0.0407407
0 0.459375 0.1222222 0.0395833 0.0296296
0 0.0104166 0.3574074 0.0166666 0.0555555
1 0.3416666 0.7481481 0.6833333 0.5037037
0 0.4885416 0.2888888 0.0895833 0.0814814
0 0.7583333 0.3037037 0.0541666 0.0888888
0 0.7885416 0.25 0.0354166 0.0481481
0 0.7552083 0.2185185 0.0270833 0.037037
0 0.6791666 0.1981481 0.0333333 0.0407407
0 0.8020833 0.2222222 0.0208333 0.037037
0 0.8052083 0.2111111 0.0145833 0.0222222
0 0.80625 0.2018518 0.0125 0.0185185
0 0.7833333 0.1944444 0.0166666 0.0259259
0 0.5666666 0.1481481 0.0333333 0.0518518
0 0.5947916 0.1518518 0.0229166 0.0222222
0 0.640625 0.1481481 0.0229166 0.0222222
0 0.6583333 0.15 0.0125 0.0185185
0 0.66875 0.1592592 0.0208333 0.0222222
0 0.7020833 0.1629629 0.0208333 0.0296296
0 0.6697916 0.1462962 0.0145833 0.0111111
0 0.6802083 0.15 0.0104166 0.0185185
0 0.725 0.1611111 0.0125 0.0185185
0 0.75 0.1611111 0.0125 0.0185185
