0 0.2354166 0.374074 0.05 0.0592592
0 0.159375 0.3611111 0.0395833 0.0555555
0 0.5666666 0.4611111 0.0916666 0.1
1 0.7677083 0.3314814 0.1395833 0.1296296
0 0.2395833 0.2925925 0.025 0.0296296
0 0.2625 0.2777777 0.0166666 0.0222222
0 0.1125 0.2981481 0.025 0.0333333
0 0.1385416 0.287037 0.03125 0.0259259
2 0.5010416 0.2907407 0.0979166 0.0777777
1 0.4395833 0.3925925 0.1291666 0.1851851
0 0.3572916 0.3851851 0.0395833 0.0814814
0 0.084375 0.4166666 0.0604166 0.1666666
0 0.2822916 0.2722222 0.0145833 0.0259259
0 0.5291666 0.3444444 0.0583333 0.0518518
1 0.3302083 0.3314814 0.0895833 0.1148148
0 0.2666666 0.3 0.0291666 0.0296296
0 0.0927083 0.2944444 0.01875 0.0259259
0 0.9375 0.5444444 0.125 0.1481481
