0 0.3677083 0.2759259 0.03125 0.0259259
0 0.3260416 0.2833333 0.0395833 0.0407407
1 0.1947916 0.4148148 0.1145833 0.1777777
0 0.2958333 0.3462962 0.0625 0.0259259
1 0.3864583 0.5555555 0.3479166 0.4222222
1 0.14375 0.3722222 0.0625 0.1148148
2 0.7510416 0.4962962 0.33125 0.3407407
0 0.978125 0.3518518 0.0354166 0.0592592
0 0.3854166 0.3 0.0458333 0.037037
0 0.4229166 0.3018518 0.0541666 0.0407407
0 0.7447916 0.2981481 0.0270833 0.0407407
0 0.9197916 0.3518518 0.01875 0.037037
0 0.4708333 0.3074074 0.0291666 0.037037
0 0.5333333 0.3388888 0.1083333 0.137037
2 0.59375 0.3462962 0.025 0.0481481
0 0.7625 0.437037 0.05 0.0666666
