0 0.8322916 0.3259259 0.0395833 0.0592592
0 0.690625 0.3388888 0.04375 0.0703703
0 0.70625 0.3259259 0.0416666 0.0666666
2 0.7208333 0.3074074 0.0333333 0.074074
2 0.8010416 0.2555555 0.0270833 0.0444444
0 0.8166666 0.2648148 0.0166666 0.0333333
2 0.8197916 0.2574074 0.0229166 0.0407407
2 0.8177083 0.2314814 0.0270833 0.0185185
0 0.8395833 0.2537037 0.0208333 0.0407407
0 0.8666666 0.2518518 0.0208333 0.0296296
2 0.740625 0.2907407 0.0354166 0.0703703
0 0.690625 0.2666666 0.0270833 0.037037
0 0.5760416 0.3314814 0.0479166 0.0629629
2 0.875 0.4 0.0625 0.1259259
0 0.2854166 0.5055555 0.1041666 0.1444444
0 0.434375 0.4092592 0.0854166 0.1
2 0.515625 0.3185185 0.05625 0.0666666
0 0.5697916 0.3092592 0.0395833 0.0481481
0 0.8135416 0.2962962 0.0354166 0.0444444
0 0.76875 0.2888888 0.0291666 0.0518518
0 0.7854166 0.2777777 0.0375 0.0518518
0 0.6364583 0.2851851 0.03125 0.037037
0 0.3020833 0.4037037 0.0875 0.0814814
0 0.4302083 0.3425925 0.08125 0.137037
0 0.89375 0.9129629 0.2125 0.174074
0 0.7208333 0.2611111 0.0208333 0.0259259
1 0.465625 0.3314814 0.0354166 0.1148148
