0 0.359375 0.1888888 0.0479166 0.074074
1 0.6072916 0.1277777 0.0395833 0.1222222
0 0.4375 0.0796296 0.025 0.0333333
2 0.3895833 0.1166666 0.0666666 0.1296296
1 0.403125 0.0518518 0.0395833 0.0444444
0 0.1854166 0.1814814 0.0625 0.0814814
0 0.515625 0.1259259 0.03125 0.0518518
0 0.484375 0.1277777 0.0229166 0.0481481
1 0.6770833 0.1277777 0.0875 0.1222222
0 0.31875 0.0814814 0.025 0.037037
0 0.2958333 0.1185185 0.0416666 0.1037037
1 0.2625 0.187037 0.0958333 0.1962962
0 0.2322916 0.1074074 0.04375 0.0518518
