1 0.7479166 0.3259259 0.1375 0.1185185
0 0.71875 0.3796296 0.0875 0.0703703
0 0.575 0.4592592 0.075 0.1037037
0 0.5625 0.3814814 0.0541666 0.0666666
1 0.471875 0.4111111 0.1395833 0.2148148
0 0.3760416 0.3981481 0.05625 0.0777777
1 0.340625 0.3388888 0.0895833 0.1296296
0 0.2645833 0.2925925 0.0291666 0.0296296
0 0.240625 0.2925925 0.0229166 0.0222222
0 0.21875 0.2925925 0.025 0.0222222
0 0.2052083 0.3166666 0.03125 0.0407407
0 0.165625 0.3166666 0.03125 0.0481481
0 0.2854166 0.4462962 0.0708333 0.1
0 0.178125 0.4296296 0.0604166 0.0888888
0 0.0895833 0.487037 0.0833333 0.2259259
2 0.48125 0.2888888 0.0583333 0.074074
0 0.1666666 0.2944444 0.0291666 0.0259259
