0 0.690625 0.3388888 0.0479166 0.0703703
0 0.70625 0.3222222 0.0416666 0.0592592
0 0.7208333 0.3074074 0.0333333 0.074074
0 0.7614583 0.3 0.0145833 0.0444444
0 0.7677083 0.2888888 0.03125 0.0518518
0 0.784375 0.2814814 0.03125 0.0444444
0 0.7927083 0.274074 0.0270833 0.0444444
2 0.7395833 0.2962962 0.0333333 0.0666666
2 0.8010416 0.2629629 0.0229166 0.0518518
2 0.8197916 0.25 0.0270833 0.0555555
0 0.8395833 0.2537037 0.0208333 0.0333333
0 0.3625 0.3777777 0.0791666 0.074074
0 0.5395833 0.3277777 0.05 0.0555555
0 0.86875 0.2537037 0.0208333 0.0259259
0 0.4239583 0.8148148 0.2729166 0.3111111
0 0.340625 0.4648148 0.0979166 0.1296296
0 0.746875 0.25 0.01875 0.0259259
0 0.7791666 0.2537037 0.0208333 0.0259259
0 0.8177083 0.2629629 0.01875 0.037037
0 0.453125 0.4018518 0.0854166 0.1
0 0.609375 0.337037 0.0520833 0.0592592
0 0.6229166 0.2888888 0.0458333 0.0962962
0 0.6510416 0.2907407 0.01875 0.0407407
0 0.0916666 0.4481481 0.1 0.1185185
0 0.7260416 0.3925925 0.0645833 0.0888888
0 0.6760416 0.3018518 0.0354166 0.0481481
0 0.78125 0.474074 0.0916666 0.1185185
0 0.7479166 0.2648148 0.025 0.0333333
1 0.6854166 0.2648148 0.0375 0.0629629
0 0.2333333 0.4425925 0.1083333 0.1148148
0 0.7229166 0.2555555 0.0208333 0.0296296
