0 0.7072916 0.5462962 0.0770833 0.1296296
0 0.7510416 0.4314814 0.0854166 0.0851851
0 0.596875 0.3444444 0.06875 0.0592592
0 0.4604166 0.8537037 0.1916666 0.2925925
0 0.5614583 0.6333333 0.1104166 0.1777777
0 0.0302083 0.3796296 0.0520833 0.0481481
0 0.590625 0.5092592 0.0729166 0.1148148
0 0.0802083 0.3592592 0.0479166 0.0518518
0 0.16875 0.3425925 0.0666666 0.0333333
0 0.2885416 0.274074 0.0270833 0.037037
0 0.484375 0.3518518 0.0645833 0.1111111
1 0.25 0.5333333 0.275 0.3481481
1 0.14375 0.4092592 0.1333333 0.137037
0 0.95 0.324074 0.05 0.0407407
