0 0.3239583 0.2833333 0.0354166 0.0407407
1 0.1947916 0.4148148 0.1145833 0.1777777
1 0.14375 0.3722222 0.0625 0.1148148
0 0.978125 0.3518518 0.0354166 0.0592592
0 0.4864583 0.3092592 0.0645833 0.0407407
0 0.9739583 0.3685185 0.0270833 0.0407407
0 0.3010416 0.3462962 0.0604166 0.0259259
0 0.4239583 0.3 0.0520833 0.0444444
0 0.4 0.2981481 0.0125 0.0333333
2 0.8885416 0.5481481 0.2229166 0.3555555
0 0.7572916 0.4314814 0.1354166 0.1
0 0.3666666 0.3148148 0.0666666 0.0962962
0 0.365625 0.2685185 0.03125 0.0185185
0 0.51875 0.3407407 0.0833333 0.0444444
0 0.5114583 0.3611111 0.08125 0.0703703
1 0.4166666 0.5796296 0.3833333 0.4555555
