0 0.6364583 0.4407407 0.1354166 0.1333333
0 0.4156249 0.2148148 0.0354166 0.037037
0 0.2489583 0.2907407 0.0395833 0.0777777
0 0.29375 0.1629629 0.025 0.0222222
0 0.3229166 0.1685185 0.0208333 0.0259259
0 0.6427083 0.6388888 0.2145833 0.3
0 0.4927083 0.4129629 0.11875 0.1518518
2 0.4239583 0.3 0.0854166 0.1333333
2 0.3604166 0.2444444 0.0416666 0.074074
0 0.3385416 0.2296296 0.03125 0.0592592
0 0.3197916 0.2092592 0.03125 0.0481481
0 0.74375 0.374074 0.075 0.0814814
2 0.5447916 0.2444444 0.04375 0.0666666
1 0.4125 0.1796296 0.0416666 0.0555555
0 0.3677083 0.1685185 0.0229166 0.0555555
0 0.5989583 0.9018518 0.2645833 0.1962962
