0 0.8177083 0.6444444 0.2145833 0.2074074
1 0.54375 0.45 0.2125 0.2481481
0 0.5302083 0.7611111 0.4145833 0.4777777
0 0.39375 0.3888888 0.0625 0.0814814
0 0.35 0.424074 0.0708333 0.0925925
0 0.29375 0.4574074 0.075 0.1074074
0 0.2395833 0.3981481 0.0583333 0.0925925
0 0.1875 0.4518518 0.0625 0.0962962
0 0.1541666 0.35 0.0416666 0.0629629
0 0.1291666 0.2981481 0.0291666 0.0333333
0 0.1677083 0.287037 0.0354166 0.0333333
0 0.2125 0.2925925 0.025 0.0296296
0 0.2385416 0.2907407 0.0229166 0.0333333
0 0.2645833 0.2925925 0.0291666 0.037037
0 0.290625 0.2962962 0.0270833 0.037037
0 0.075 0.287037 0.0291666 0.0259259
0 0.3614583 0.3111111 0.0395833 0.0444444
1 0.7479166 0.3277777 0.1333333 0.1296296
