0 0.7166666 0.6296296 0.0916666 0.1703703
0 0.7104166 0.4481481 0.0666666 0.0814814
0 0.590625 0.5111111 0.06875 0.1037037
0 0.5625 0.6351851 0.1125 0.1666666
0 0.4572916 0.8537037 0.1979166 0.2925925
0 0.6208333 0.3444444 0.0708333 0.0592592
0 0.4958333 0.3462962 0.0625 0.1074074
1 0.3395833 0.4629629 0.2 0.2518518
1 0.1333333 0.4148148 0.1416666 0.1481481
0 0.034375 0.8037037 0.06875 0.2
0 0.03125 0.3759259 0.0458333 0.0407407
0 0.9489583 0.3296296 0.05625 0.0592592
0 0.2895833 0.274074 0.0208333 0.037037
