0 0.3333333 0.2833333 0.025 0.0407407
1 0.1947916 0.4148148 0.1145833 0.1777777
0 0.2958333 0.3462962 0.0625 0.0259259
1 0.3864583 0.5555555 0.3479166 0.4222222
1 0.14375 0.3722222 0.0625 0.1148148
2 0.7427083 0.4925925 0.33125 0.3407407
0 0.978125 0.3518518 0.0354166 0.0592592
0 0.4875 0.3092592 0.0625 0.0481481
0 0.4229166 0.3018518 0.05 0.0407407
0 0.3854166 0.3 0.0458333 0.037037
0 0.3677083 0.2759259 0.03125 0.0259259
2 0.8395833 0.3907407 0.0833333 0.0925925
0 0.7302083 0.3851851 0.1479166 0.1851851
0 0.7364583 0.2944444 0.04375 0.0333333
0 0.9135416 0.3518518 0.03125 0.0444444
1 0.2947916 0.3018518 0.0604166 0.0629629
