1 0.7927083 0.4092592 0.1895833 0.2259259
0 0.6427083 0.6388888 0.2104166 0.3
0 0.4927083 0.4111111 0.1145833 0.1481481
0 0.5604166 0.2814814 0.0666666 0.0666666
0 0.284375 0.2296296 0.0354166 0.0518518
2 0.421875 0.3018518 0.0854166 0.1444444
0 0.4364583 0.2092592 0.0479166 0.0851851
2 0.359375 0.2444444 0.0395833 0.074074
0 0.3916666 0.2222222 0.0375 0.0518518
0 0.3385416 0.2277777 0.03125 0.0629629
0 0.3197916 0.2111111 0.03125 0.0518518
0 0.2479166 0.1944444 0.0208333 0.0333333
0 0.3927083 0.1833333 0.0270833 0.0333333
0 0.3479166 0.1888888 0.025 0.037037
0 0.3552083 0.1629629 0.01875 0.0222222
0 0.3052083 0.1629629 0.0229166 0.0222222
0 0.259375 0.1611111 0.0270833 0.0259259
1 0.25 0.15 0.0166666 0.0333333
2 0.2791666 0.15 0.0166666 0.0259259
