1 0.70625 0.3462962 0.1583333 0.1814814
0 0.965625 0.7111111 0.06875 0.1481481
0 0.6427083 0.637037 0.2104166 0.2962962
0 0.4927083 0.4111111 0.1145833 0.1481481
0 0.5270833 0.2592592 0.0583333 0.0592592
2 0.421875 0.3 0.0854166 0.1407407
0 0.428125 0.2037037 0.04375 0.0814814
0 0.2885416 0.2407407 0.0395833 0.0592592
2 0.359375 0.2444444 0.0395833 0.074074
0 0.38125 0.2129629 0.0333333 0.0481481
0 0.3385416 0.2277777 0.03125 0.0629629
0 0.3427083 0.1833333 0.0229166 0.0333333
0 0.3197916 0.2111111 0.03125 0.0518518
0 0.2489583 0.1962962 0.01875 0.037037
0 0.2489583 0.1611111 0.0270833 0.0259259
0 0.2979166 0.1629629 0.025 0.0222222
2 0.2791666 0.1481481 0.0166666 0.0296296
0 0.3833333 0.1777777 0.025 0.0296296
