0 0.6427083 0.6388888 0.2104166 0.3
0 0.4916666 0.4148148 0.1166666 0.1555555
2 0.4229166 0.3166666 0.0833333 0.1074074
0 0.340625 0.2277777 0.0354166 0.0555555
2 0.359375 0.2462962 0.0354166 0.0703703
0 0.3208333 0.2129629 0.0333333 0.0481481
2 0.2166666 0.1851851 0.0166666 0.037037
0 0.3072916 0.1648148 0.0229166 0.0259259
0 0.3302083 0.1722222 0.01875 0.0259259
0 0.246875 0.2611111 0.0354166 0.0629629
0 0.375 0.1685185 0.0291666 0.0629629
0 0.8614583 0.4685185 0.0895833 0.1
2 0.5958333 0.2703703 0.0541666 0.074074
0 0.4427083 0.2314814 0.04375 0.0555555
1 0.434375 0.1925925 0.0479166 0.0592592
0 0.3947916 0.1814814 0.01875 0.0296296
0 0.8989583 0.7351851 0.2020833 0.2703703
0 0.4583333 0.6685185 0.1958333 0.3518518
