0 0.6979166 0.4851851 0.0583333 0.0962962
0 0.8302083 0.424074 0.09375 0.0703703
0 0.5677083 0.3518518 0.0729166 0.0666666
0 0.4604166 0.8537037 0.1916666 0.2925925
0 0.5614583 0.6333333 0.1104166 0.1777777
0 0.0302083 0.3796296 0.0520833 0.0481481
0 0.590625 0.5092592 0.0729166 0.1148148
0 0.08125 0.3592592 0.0583333 0.0518518
0 0.1677083 0.3444444 0.06875 0.037037
0 0.2895833 0.274074 0.025 0.037037
1 0.1583333 0.4018518 0.1208333 0.1148148
0 0.95 0.324074 0.05 0.0407407
0 0.0916666 0.387037 0.0166666 0.0555555
1 0.14375 0.6907407 0.2875 0.537037
0 0.4729166 0.3592592 0.0666666 0.1185185
