0 0.3677083 0.2759259 0.03125 0.0259259
0 0.3260416 0.2833333 0.0395833 0.0407407
1 0.1947916 0.4148148 0.1145833 0.1777777
0 0.2958333 0.3462962 0.0625 0.0259259
1 0.3864583 0.5555555 0.3479166 0.4222222
1 0.14375 0.3722222 0.0625 0.1148148
2 0.75625 0.4944444 0.3291666 0.337037
0 0.978125 0.3518518 0.0354166 0.0592592
0 0.3854166 0.3 0.0458333 0.037037
0 0.4229166 0.3018518 0.0541666 0.0407407
0 0.4625 0.3148148 0.0125 0.0296296
0 0.746875 0.2962962 0.0229166 0.037037
0 0.9197916 0.3518518 0.01875 0.037037
0 0.9822916 0.487037 0.0354166 0.0703703
0 0.5125 0.337037 0.1041666 0.1333333
0 0.4666666 0.2907407 0.0083333 0.0259259
2 0.5677083 0.3462962 0.01875 0.0333333
0 0.7479166 0.4351851 0.0875 0.0777777
