1 0.665625 0.5555555 0.2854166 0.6296296
1 0.8041666 0.1925925 0.025 0.0518518
0 0.0760416 0.2703703 0.09375 0.1259259
0 0.2875 0.7685185 0.3166666 0.3888888
0 0.0208333 0.7796296 0.0416666 0.1962962
0 0.5395833 0.324074 0.1041666 0.1
0 0.68125 0.2833333 0.05 0.0629629
0 0.66875 0.2018518 0.0333333 0.0407407
0 0.734375 0.2407407 0.0354166 0.0296296
0 0.759375 0.2259259 0.03125 0.0444444
0 0.7260416 0.2055555 0.0270833 0.0333333
0 0.7875 0.2185185 0.0291666 0.037037
0 0.76875 0.1962962 0.0208333 0.0296296
0 0.1583333 0.2703703 0.0958333 0.1037037
0 0.4479166 0.1388888 0.0375 0.0407407
0 0.459375 0.1222222 0.0354166 0.0296296
0 0.4729166 0.1833333 0.0541666 0.0407407
0 0.5541666 0.1777777 0.0458333 0.0444444
0 0.590625 0.1796296 0.0354166 0.0407407
0 0.5947916 0.1518518 0.0229166 0.0222222
0 0.640625 0.1481481 0.0229166 0.0222222
2 0.6791666 0.1592592 0.0166666 0.0222222
0 0.6604166 0.15 0.0166666 0.0185185
0 0.6697916 0.15 0.0104166 0.0185185
0 0.6260416 0.1759259 0.03125 0.0333333
0 0.640625 0.1481481 0.0229166 0.0222222
