0 0.64375 0.6407407 0.2125 0.3037037
0 0.4916666 0.4111111 0.1166666 0.1481481
2 0.421875 0.3037037 0.0854166 0.1407407
0 0.4260416 0.2 0.03125 0.037037
2 0.359375 0.2444444 0.0395833 0.074074
0 0.3385416 0.2296296 0.03125 0.0592592
0 0.321875 0.2129629 0.0354166 0.0481481
0 0.3239583 0.1703703 0.0229166 0.0296296
0 0.3510416 0.1611111 0.01875 0.0259259
0 0.246875 0.1611111 0.0270833 0.0259259
2 0.2229166 0.1777777 0.0166666 0.037037
0 0.3895833 0.1814814 0.0333333 0.0666666
0 0.5208333 0.2888888 0.0625 0.0666666
0 0.3395833 0.3648148 0.0791666 0.1296296
0 0.3447916 0.1851851 0.0229166 0.037037
0 0.2489583 0.2296296 0.03125 0.0518518
1 0.4895833 0.2166666 0.0666666 0.0851851
2 0.7333333 0.3555555 0.0791666 0.1037037
