0 0.8885416 0.424074 0.1145833 0.0851851
1 0.7489583 0.3277777 0.1354166 0.1222222
0 0.75625 0.4629629 0.1041666 0.0962962
0 0.5833333 0.3851851 0.0791666 0.0814814
0 0.56875 0.4629629 0.0916666 0.1111111
1 0.44375 0.3907407 0.1291666 0.1962962
0 0.359375 0.3907407 0.04375 0.0777777
1 0.3364583 0.3388888 0.0854166 0.1222222
0 0.2666666 0.424074 0.0666666 0.0925925
0 0.171875 0.4018518 0.0520833 0.0777777
0 0.0854166 0.4444444 0.0708333 0.2
0 0.1447916 0.3055555 0.0270833 0.0407407
0 0.1645833 0.3037037 0.025 0.0296296
0 0.2322916 0.2962962 0.0270833 0.0296296
0 0.2697916 0.2925925 0.0270833 0.0296296
2 0.4822916 0.2907407 0.0604166 0.0777777
