1 0.8010416 0.2 0.03125 0.0592592
1 0.3833333 0.6962962 0.7666666 0.6074074
0 0.1864583 0.224074 0.0895833 0.1074074
0 0.1177083 0.6851851 0.2354166 0.3037037
0 0.625 0.3574074 0.1083333 0.1074074
0 0.7729166 0.3648148 0.0666666 0.1074074
0 0.7020833 0.2907407 0.0583333 0.0777777
0 0.5572916 0.2537037 0.0645833 0.0629629
0 0.684375 0.2277777 0.04375 0.0481481
0 0.75 0.2444444 0.0375 0.0592592
0 0.7697916 0.2277777 0.03125 0.0407407
0 0.746875 0.2018518 0.0270833 0.0333333
0 0.740625 0.1777777 0.01875 0.0222222
0 0.3510416 0.2 0.0729166 0.074074
0 0.4479166 0.1425925 0.0375 0.0407407
0 0.459375 0.1222222 0.0395833 0.0296296
0 0.5552083 0.1685185 0.0354166 0.0333333
0 0.5947916 0.1518518 0.0229166 0.0222222
0 0.6197916 0.1685185 0.03125 0.0333333
0 0.640625 0.15 0.0229166 0.0259259
0 0.659375 0.15 0.01875 0.0185185
0 0.6708333 0.15 0.0125 0.0185185
0 0.6791666 0.15 0.0125 0.0185185
0 0.6572916 0.1703703 0.0229166 0.0296296
