0 0.6895833 0.337037 0.05 0.074074
0 0.70625 0.3203703 0.0416666 0.0555555
0 0.7208333 0.3074074 0.0333333 0.074074
0 0.7614583 0.3 0.0145833 0.0444444
0 0.7677083 0.2888888 0.03125 0.0518518
0 0.7833333 0.2814814 0.0291666 0.0444444
0 0.7927083 0.274074 0.0270833 0.0444444
2 0.7395833 0.2962962 0.0333333 0.0666666
2 0.8010416 0.2629629 0.0229166 0.0518518
2 0.8197916 0.25 0.0270833 0.0555555
0 0.8395833 0.2537037 0.0208333 0.0333333
0 0.503125 0.3407407 0.05625 0.0592592
0 0.86875 0.2537037 0.0208333 0.0259259
0 0.6239583 0.8796296 0.3979166 0.2407407
0 0.31875 0.4962962 0.0958333 0.1481481
0 0.74375 0.2481481 0.0208333 0.0296296
0 0.775 0.2555555 0.0208333 0.0296296
0 0.8177083 0.2629629 0.01875 0.037037
0 0.4114583 0.4185185 0.09375 0.1037037
0 0.596875 0.3407407 0.05625 0.0666666
0 0.6072916 0.2925925 0.0479166 0.0962962
0 0.6375 0.2981481 0.0166666 0.0407407
0 0.0270833 0.4759259 0.0541666 0.1296296
0 0.6708333 0.3055555 0.0458333 0.0481481
0 0.7614583 0.4481481 0.0729166 0.1037037
0 0.740625 0.2611111 0.0270833 0.0185185
1 0.6739583 0.274074 0.04375 0.0666666
0 0.1177083 0.4851851 0.1395833 0.1333333
0 0.715625 0.2611111 0.01875 0.0333333
0 0.2958333 0.4055555 0.0916666 0.1
0 0.7364583 0.3777777 0.0604166 0.0814814
