0 0.8270833 0.3296296 0.0458333 0.0592592
0 0.690625 0.3388888 0.04375 0.0703703
0 0.70625 0.3259259 0.0416666 0.0666666
2 0.7208333 0.3074074 0.0333333 0.074074
2 0.7989583 0.2555555 0.0229166 0.0444444
0 0.6447916 0.2796296 0.03125 0.0333333
0 0.8166666 0.2648148 0.0166666 0.0333333
2 0.8197916 0.2574074 0.0229166 0.0407407
2 0.8177083 0.2314814 0.0270833 0.0185185
0 0.8416666 0.2555555 0.0208333 0.037037
0 0.86875 0.2518518 0.0208333 0.0296296
2 0.7395833 0.2907407 0.0375 0.0703703
0 0.6947916 0.2648148 0.0270833 0.0333333
0 0.765625 0.2555555 0.0145833 0.0296296
0 0.5927083 0.324074 0.0479166 0.0555555
2 0.865625 0.4055555 0.0645833 0.1296296
0 0.303125 0.4814814 0.1104166 0.1333333
0 0.3458333 0.3888888 0.0791666 0.074074
0 0.465625 0.4 0.08125 0.0962962
2 0.5322916 0.3148148 0.0604166 0.0666666
0 0.584375 0.2981481 0.0395833 0.0407407
0 0.809375 0.2944444 0.0395833 0.0407407
0 0.7614583 0.2962962 0.01875 0.0518518
0 0.76875 0.2888888 0.0291666 0.0518518
0 0.7510416 0.2555555 0.0229166 0.037037
0 0.784375 0.2777777 0.0354166 0.0518518
0 0.7864583 0.874074 0.4270833 0.2518518
0 0.4489583 0.3444444 0.08125 0.1407407
