0 0.6427083 0.6388888 0.2104166 0.3
0 0.4916666 0.4148148 0.1166666 0.1555555
2 0.4229166 0.3166666 0.0833333 0.1074074
0 0.340625 0.2277777 0.0354166 0.0555555
2 0.3604166 0.2462962 0.0375 0.0703703
0 0.3197916 0.2129629 0.03125 0.0481481
2 0.2208333 0.1796296 0.0166666 0.0333333
0 0.2479166 0.2425925 0.0333333 0.0555555
0 0.3385416 0.1814814 0.0229166 0.0296296
0 0.31875 0.1685185 0.0208333 0.0259259
0 0.4083333 0.1907407 0.0291666 0.0333333
0 0.3822916 0.1777777 0.0270833 0.0592592
0 0.4791666 0.2555555 0.05 0.0592592
2 0.6625 0.3129629 0.0666666 0.0925925
0 0.9760416 0.5722222 0.0479166 0.0925925
1 0.4604166 0.2037037 0.0583333 0.0666666
