1 0.746875 0.3277777 0.1354166 0.1222222
0 0.6270833 0.3611111 0.075 0.0703703
0 0.6052083 0.4703703 0.0354166 0.0888888
1 0.5104166 0.4351851 0.1666666 0.2333333
0 0.3989583 0.4092592 0.0604166 0.0925925
1 0.346875 0.3425925 0.09375 0.137037
0 0.2895833 0.4537037 0.0708333 0.1074074
0 0.1833333 0.4407407 0.0625 0.0962962
0 0.4010416 0.3203703 0.01875 0.0481481
0 0.228125 0.3314814 0.0354166 0.0481481
0 0.1770833 0.3259259 0.0375 0.0592592
0 0.2104166 0.3037037 0.0333333 0.037037
0 0.2645833 0.2925925 0.025 0.0296296
0 0.2395833 0.2907407 0.025 0.0259259
0 0.0770833 0.2981481 0.025 0.0333333
2 0.4802083 0.2888888 0.0604166 0.074074
0 0.1020833 0.524074 0.1 0.2925925
