0 0.75625 0.4277777 0.075 0.0777777
0 0.5135416 0.3703703 0.06875 0.074074
0 0.4604166 0.8537037 0.1916666 0.2925925
0 0.5614583 0.6333333 0.1104166 0.1777777
0 0.590625 0.5092592 0.0729166 0.1148148
0 0.0854166 0.3592592 0.0625 0.0518518
0 0.165625 0.3481481 0.0729166 0.0444444
0 0.2895833 0.274074 0.025 0.037037
0 0.95 0.324074 0.05 0.0481481
0 0.4375 0.3907407 0.0708333 0.137037
0 0.0333333 0.3814814 0.0541666 0.0444444
0 0.1208333 0.3814814 0.075 0.0518518
0 0.196875 0.324074 0.05625 0.0333333
0 0.153125 0.3648148 0.05625 0.0407407
0 0.8156249 0.3333333 0.06875 0.0444444
0 0.703125 0.6685185 0.09375 0.1814814
1 0.09375 0.5666666 0.1875 0.3629629
