2 0.740625 0.5629629 0.3854166 0.4814814
0 0.928125 0.6648148 0.0604166 0.1592592
0 0.9260416 0.4407407 0.0770833 0.0962962
0 0.3177083 0.1518518 0.0145833 0.0222222
0 0.3270833 0.1611111 0.0166666 0.0185185
0 0.325 0.1777777 0.0208333 0.0222222
0 0.3052083 0.1851851 0.0229166 0.0296296
1 0.2708333 0.1777777 0.0333333 0.0666666
0 0.3385416 0.2203703 0.0354166 0.0481481
0 0.3552083 0.2833333 0.0520833 0.0777777
0 0.3666666 0.1592592 0.0166666 0.0222222
0 0.4072916 0.1574074 0.0104166 0.0185185
0 0.4270833 0.1666666 0.0125 0.0148148
0 0.4760416 0.1851851 0.0229166 0.0296296
0 0.43125 0.1962962 0.025 0.037037
0 0.7125 0.274074 0.0583333 0.0814814
0 0.634375 0.2648148 0.0520833 0.0481481
0 0.51875 0.2166666 0.0375 0.0407407
