0 0.834375 0.0777777 0.0354166 0.0518518
2 0.859375 0.0722222 0.0354166 0.0629629
0 0.7958333 0.0314814 0.025 0.0407407
0 0.8125 0.0518518 0.025 0.037037
0 0.9375 0.1222222 0.0333333 0.0444444
0 0.975 0.2074074 0.05 0.0666666
2 0.6260416 0.2055555 0.2854166 0.2111111
0 0.3958333 0.137037 0.1 0.0666666
0 0.3208333 0.1425925 0.0666666 0.0333333
0 0.1833333 0.1592592 0.0583333 0.0444444
0 0.121875 0.1722222 0.0729166 0.0851851
0 0.0572916 0.1962962 0.03125 0.037037
0 0.0760416 0.2074074 0.03125 0.037037
1 0.196875 0.324074 0.39375 0.3592592
0 0.6104166 0.1574074 0.0458333 0.0629629
2 0.6041666 0.187037 0.3333333 0.2629629
