0 0.5666666 0.4611111 0.0916666 0.1
0 0.2364583 0.2907407 0.01875 0.0259259
0 0.2625 0.2759259 0.0166666 0.0185185
0 0.146875 0.2851851 0.01875 0.0222222
2 0.5020833 0.2944444 0.1 0.0851851
1 0.4395833 0.3888888 0.1291666 0.1777777
0 0.3572916 0.3851851 0.0395833 0.0814814
0 0.2822916 0.2722222 0.0145833 0.0185185
1 0.3354166 0.3333333 0.0833333 0.1185185
0 0.2458333 0.2944444 0.025 0.0259259
0 0.7052083 0.4351851 0.1020833 0.1
0 0.2791666 0.2925925 0.0291666 0.0296296
0 0.253125 0.4018518 0.05625 0.0777777
0 0.075 0.2925925 0.0208333 0.0222222
0 0.0854166 0.2925925 0.0166666 0.0222222
0 0.4833333 0.3222222 0.0333333 0.0222222
0 0.2729166 0.2759259 0.0083333 0.0185185
0 0.165625 0.3833333 0.0479166 0.0703703
0 0.1302083 0.3 0.0270833 0.037037
0 0.059375 0.2907407 0.01875 0.0259259
0 0.965625 0.45 0.06875 0.0851851
0 0.0854166 0.4296296 0.0666666 0.1925925
1 0.75 0.3277777 0.1375 0.1222222
0 0.9479166 0.5592592 0.1041666 0.1333333
