0 0.2260416 0.3629629 0.0479166 0.0592592
0 0.15625 0.3537037 0.0375 0.0555555
0 0.5666666 0.4611111 0.0916666 0.1
1 0.7895833 0.3388888 0.1375 0.1296296
0 0.2395833 0.2925925 0.025 0.0296296
0 0.2625 0.2777777 0.0166666 0.0222222
0 0.103125 0.2981481 0.0229166 0.0333333
0 0.1260416 0.287037 0.0354166 0.0259259
0 0.2729166 0.2777777 0.0125 0.0222222
2 0.5052083 0.2962962 0.10625 0.0888888
1 0.4395833 0.3925925 0.1291666 0.1851851
0 0.3572916 0.3851851 0.0395833 0.0814814
0 0.084375 0.4166666 0.0604166 0.1666666
1 0.3260416 0.3296296 0.08125 0.1111111
0 0.2833333 0.274074 0.0166666 0.0222222
0 0.58125 0.3629629 0.0666666 0.0592592
0 0.275 0.3 0.025 0.0296296
