0 0.778125 0.4222222 0.0770833 0.074074
0 0.5114583 0.3722222 0.06875 0.0703703
0 0.4604166 0.8537037 0.1916666 0.2925925
0 0.5614583 0.6333333 0.1104166 0.1777777
0 0.590625 0.5092592 0.0729166 0.1148148
0 0.0854166 0.3592592 0.0625 0.0518518
0 0.165625 0.3518518 0.0729166 0.0518518
0 0.2895833 0.274074 0.025 0.037037
0 0.95 0.324074 0.05 0.0481481
0 0.4333333 0.3907407 0.0708333 0.137037
0 0.0333333 0.3814814 0.0541666 0.0444444
0 0.1208333 0.3814814 0.075 0.0518518
0 0.203125 0.3259259 0.05625 0.0444444
0 0.153125 0.3685185 0.05625 0.0481481
0 0.78125 0.337037 0.0666666 0.0444444
0 0.7041666 0.6444444 0.0875 0.1629629
1 0.0885416 0.624074 0.1770833 0.4407407
