0 0.3552083 0.0814814 0.00625 0.0074074
0 0.2416666 0.1148148 0.0166666 0.0222222
0 0.2625 0.1203703 0.0166666 0.0185185
0 0.3 0.0925925 0.0125 0.0148148
0 0.2958333 0.087037 0.0083333 0.0111111
0 0.3489583 0.0833333 0.00625 0.0111111
0 0.2729166 0.0907407 0.0125 0.0111111
0 0.3791666 0.137037 0.0166666 0.0222222
0 0.28125 0.0888888 0.0083333 0.0074074
0 0.7729166 0.4574074 0.1125 0.1
0 0.359375 0.1407407 0.01875 0.0222222
0 0.4125 0.1777777 0.0291666 0.037037
0 0.4520833 0.1796296 0.0333333 0.0629629
