1 0.7479166 0.3277777 0.1375 0.1222222
0 0.6604166 0.3703703 0.0708333 0.0666666
1 0.4958333 0.4277777 0.1583333 0.2259259
0 0.5916666 0.4629629 0.0458333 0.1037037
1 0.3447916 0.3388888 0.09375 0.1296296
0 0.3895833 0.4018518 0.0625 0.0851851
0 0.4072916 0.324074 0.0395833 0.0481481
0 0.265625 0.2907407 0.0270833 0.0333333
0 0.2395833 0.2925925 0.025 0.0296296
0 0.215625 0.2925925 0.0270833 0.0296296
0 0.1947916 0.3 0.0270833 0.037037
0 0.1739583 0.324074 0.0354166 0.0555555
0 0.2197916 0.3259259 0.0354166 0.0444444
0 0.290625 0.4518518 0.0729166 0.0962962
0 0.18125 0.4388888 0.0625 0.0925925
0 0.096875 0.5129629 0.0979166 0.2629629
