1 0.196875 0.4148148 0.11875 0.1777777
1 0.14375 0.3722222 0.0625 0.1148148
0 0.978125 0.3518518 0.0354166 0.0592592
0 0.4854166 0.3092592 0.0625 0.0407407
0 0.9739583 0.3685185 0.0270833 0.0407407
0 0.6208333 0.3907407 0.1208333 0.0851851
0 0.4458333 0.3481481 0.0708333 0.0592592
0 0.4010416 0.3259259 0.0604166 0.0518518
0 0.3677083 0.2759259 0.03125 0.0259259
0 0.3010416 0.3537037 0.0645833 0.0407407
0 0.3854166 0.3 0.0458333 0.037037
0 0.4260416 0.3037037 0.0479166 0.0444444
0 0.8802083 0.437037 0.1229166 0.1037037
1 0.4666666 0.6185185 0.4458333 0.5259259
0 0.328125 0.3092592 0.05625 0.0851851
