0 0.3197916 0.2129629 0.03125 0.0481481
0 0.3395833 0.2296296 0.0333333 0.0592592
2 0.359375 0.2444444 0.0395833 0.0666666
2 0.4229166 0.3111111 0.0833333 0.1259259
0 0.49375 0.4111111 0.1166666 0.1481481
0 0.6447916 0.6388888 0.2104166 0.3
0 0.340625 0.1833333 0.0229166 0.0333333
0 0.3604166 0.2018518 0.0291666 0.0407407
0 0.3989583 0.224074 0.04375 0.0407407
0 0.240625 0.1759259 0.0270833 0.0259259
1 0.2510416 0.1518518 0.01875 0.0296296
0 0.2635416 0.1592592 0.0270833 0.0222222
2 0.2802083 0.15 0.0145833 0.0259259
0 0.3072916 0.1648148 0.0229166 0.0259259
0 0.3270833 0.1574074 0.0166666 0.0185185
0 0.346875 0.1685185 0.01875 0.0259259
0 0.36875 0.1685185 0.0208333 0.0259259
0 0.3822916 0.1629629 0.01875 0.0222222
0 0.4375 0.1925925 0.025 0.037037
0 0.4302083 0.2111111 0.0395833 0.0444444
0 0.5489583 0.2703703 0.0645833 0.0666666
0 0.7291666 0.5481481 0.1666666 0.1851851
0 0.8479166 0.4944444 0.1875 0.2851851
