0 0.7010416 0.4666666 0.05625 0.0962962
0 0.8885416 0.4203703 0.0895833 0.0703703
0 0.5552083 0.3574074 0.06875 0.0703703
0 0.4604166 0.8537037 0.1916666 0.2925925
0 0.5614583 0.6333333 0.1104166 0.1777777
0 0.590625 0.5092592 0.0729166 0.1148148
0 0.084375 0.3592592 0.0645833 0.0518518
0 0.1677083 0.3462962 0.06875 0.0407407
0 0.2895833 0.274074 0.025 0.037037
1 0.1666666 0.4425925 0.1083333 0.1888888
0 0.95 0.324074 0.05 0.0407407
0 0.1 0.3814814 0.0333333 0.0592592
0 0.4677083 0.3685185 0.0645833 0.1222222
0 0.0333333 0.3814814 0.0541666 0.0444444
1 0.0864583 0.7203703 0.1729166 0.4629629
