0 0.4645833 0.1222222 0.0291666 0.0296296
0 0.4427083 0.1185185 0.00625 0.0148148
0 0.5958333 0.1518518 0.025 0.0222222
0 0.4385416 0.1425925 0.0145833 0.0407407
0 0.4572916 0.1407407 0.01875 0.0296296
0 0.6416666 0.1481481 0.0208333 0.0222222
0 0.2614583 0.5425925 0.23125 0.2333333
0 0.41875 0.6148148 0.2416666 0.2814814
0 0.7958333 0.2148148 0.025 0.037037
1 0.73125 0.4 0.1666666 0.3629629
0 0.6208333 0.2666666 0.0666666 0.074074
0 0.7083333 0.2555555 0.0458333 0.0592592
0 0.7645833 0.2129629 0.025 0.0333333
0 0.778125 0.1907407 0.01875 0.0259259
0 0.7864583 0.1796296 0.0104166 0.0185185
0 0.7395833 0.1962962 0.025 0.0296296
1 0.80625 0.1925925 0.025 0.0518518
0 0.696875 0.1925925 0.0270833 0.0296296
2 0.546875 0.1944444 0.06875 0.0555555
0 0.5 0.1888888 0.05 0.0518518
0 0.4125 0.1962962 0.0583333 0.0518518
0 0.040625 0.3333333 0.08125 0.1259259
0 0.03125 0.2796296 0.0625 0.1
2 0.6625 0.1592592 0.0208333 0.0296296
0 0.6802083 0.1592592 0.01875 0.0222222
