0 0.0166666 0.6277777 0.0333333 0.137037
0 0.6989583 0.4037037 0.0979166 0.1555555
0 0.7739583 0.2907407 0.0479166 0.0703703
0 0.7270833 0.2444444 0.0416666 0.0592592
0 0.5885416 0.2388888 0.0604166 0.0629629
0 0.7989583 0.2351851 0.0270833 0.0481481
0 0.80625 0.2129629 0.0208333 0.0259259
0 0.821875 0.2055555 0.0229166 0.0333333
0 0.76875 0.2037037 0.025 0.037037
2 0.796875 0.1796296 0.01875 0.0407407
2 0.7802083 0.174074 0.0145833 0.0296296
0 0.7614583 0.1759259 0.01875 0.0259259
0 0.7447916 0.1759259 0.01875 0.0259259
0 0.7197916 0.1611111 0.01875 0.0259259
0 0.690625 0.1592592 0.01875 0.0222222
0 0.640625 0.15 0.0229166 0.0259259
0 0.6260416 0.174074 0.0354166 0.037037
0 0.59375 0.1444444 0.0333333 0.0518518
0 0.4604166 0.1203703 0.0416666 0.0333333
0 0.4447916 0.1425925 0.04375 0.0407407
0 0.2979166 0.2259259 0.0791666 0.0666666
