2 0.8916666 0.3537037 0.0416666 0.0925925
0 0.8572916 0.2944444 0.0270833 0.0407407
0 0.8385416 0.2759259 0.0270833 0.0333333
0 0.690625 0.3388888 0.0479166 0.0703703
0 0.70625 0.324074 0.0416666 0.0629629
0 0.7208333 0.3092592 0.0333333 0.0703703
0 0.7614583 0.2981481 0.0145833 0.0407407
0 0.76875 0.2907407 0.0291666 0.0481481
0 0.784375 0.2814814 0.03125 0.0444444
0 0.7916666 0.2777777 0.0291666 0.0444444
2 0.7447916 0.2944444 0.0229166 0.0629629
2 0.8010416 0.2629629 0.0229166 0.0518518
2 0.81875 0.2462962 0.0291666 0.0481481
0 0.8395833 0.2518518 0.0208333 0.0296296
0 0.559375 0.3074074 0.0395833 0.0444444
0 0.8677083 0.2518518 0.01875 0.0296296
0 0.396875 0.3981481 0.0770833 0.0851851
2 0.3197916 0.3722222 0.0604166 0.0851851
0 0.703125 0.2833333 0.0354166 0.0407407
0 0.75625 0.2555555 0.0208333 0.0222222
0 0.8291666 0.2111111 0.0125 0.0148148
0 0.6510416 0.2907407 0.0354166 0.0407407
0 0.6 0.3407407 0.0541666 0.0592592
0 0.778125 0.2462962 0.0229166 0.0259259
0 0.4364583 0.3444444 0.0479166 0.0592592
0 0.8177083 0.2666666 0.0145833 0.037037
0 0.7375 0.2555555 0.0208333 0.0222222
0 0.70625 0.2574074 0.0166666 0.0111111
0 0.725 0.2722222 0.0208333 0.0333333
0 0.234375 0.6222222 0.1229166 0.2074074
1 0.0802083 0.4407407 0.1604166 0.2148148
0 0.8156249 0.8518518 0.36875 0.2962962
0 0.2114583 0.4185185 0.1354166 0.2148148
