0 0.2104166 0.0648148 0.0291666 0.0333333
0 0.321875 0.1055555 0.0520833 0.0481481
2 0.0291666 0.5574074 0.0583333 0.3666666
0 0.903125 0.2648148 0.0270833 0.0555555
0 0.8833333 0.3129629 0.0416666 0.0703703
0 0.8125 0.2722222 0.0375 0.0629629
0 0.8395833 0.2574074 0.0333333 0.0629629
0 0.8479166 0.2388888 0.0333333 0.0555555
0 0.8625 0.2277777 0.0291666 0.0555555
0 0.8729166 0.2166666 0.025 0.0481481
0 0.8854166 0.2092592 0.0208333 0.0407407
0 0.8916666 0.1962962 0.0166666 0.0296296
0 0.896875 0.1925925 0.0145833 0.0296296
0 0.9041666 0.187037 0.0125 0.0259259
1 0.0677083 0.0592592 0.0479166 0.0518518
0 0.9354166 0.3592592 0.0583333 0.1407407
0 0.0552083 0.1111111 0.0229166 0.037037
2 0.121875 0.0537037 0.04375 0.0481481
