0 0.3677083 0.2759259 0.03125 0.0259259
0 0.3260416 0.2833333 0.0395833 0.0407407
1 0.1947916 0.4148148 0.1145833 0.1777777
0 0.2958333 0.3462962 0.0625 0.0259259
1 0.3864583 0.5555555 0.3479166 0.4222222
1 0.14375 0.3722222 0.0625 0.1148148
2 0.746875 0.4925925 0.33125 0.3407407
0 0.978125 0.3518518 0.0354166 0.0592592
0 0.3854166 0.3 0.0458333 0.037037
0 0.4229166 0.3018518 0.0541666 0.0407407
1 0.2260416 0.3018518 0.04375 0.0481481
0 0.4802083 0.3092592 0.0479166 0.0481481
0 0.5541666 0.3425925 0.1125 0.1444444
0 0.91875 0.35 0.0208333 0.0333333
0 0.7447916 0.2962962 0.03125 0.0444444
