0 0.80625 0.4074074 0.0958333 0.0888888
1 0.7489583 0.3296296 0.1354166 0.1259259
0 0.65 0.4166666 0.0833333 0.0777777
0 0.565625 0.4648148 0.09375 0.1074074
0 0.5208333 0.3629629 0.0458333 0.0666666
1 0.4520833 0.4 0.1291666 0.1925925
1 0.3364583 0.337037 0.0854166 0.1259259
0 0.365625 0.3925925 0.0520833 0.074074
0 0.2666666 0.2907407 0.025 0.0333333
0 0.2260416 0.2962962 0.0270833 0.0296296
0 0.2427083 0.2907407 0.01875 0.0259259
0 0.1833333 0.3092592 0.0291666 0.0407407
0 0.15625 0.3111111 0.0291666 0.0444444
0 0.1229166 0.2944444 0.025 0.0333333
0 0.390625 0.3148148 0.0270833 0.0444444
0 0.2760416 0.437037 0.06875 0.0962962
0 0.175 0.4185185 0.0541666 0.0888888
0 0.0854166 0.4592592 0.075 0.2148148
2 0.4822916 0.2888888 0.0604166 0.0814814
