0 0.834375 0.0777777 0.0354166 0.0518518
2 0.859375 0.0722222 0.0354166 0.0629629
0 0.7958333 0.0314814 0.025 0.0407407
0 0.8125 0.0518518 0.025 0.037037
0 0.0802083 0.2074074 0.0395833 0.0444444
0 0.0572916 0.1981481 0.03125 0.0407407
0 0.1197916 0.187037 0.0395833 0.0333333
1 0.1895833 0.324074 0.3791666 0.3592592
0 0.1666666 0.1648148 0.0291666 0.0407407
0 0.21875 0.1333333 0.0958333 0.0888888
0 0.4729166 0.1444444 0.1125 0.0814814
0 0.721875 0.1425925 0.1145833 0.0777777
0 0.921875 0.2092592 0.1104166 0.0925925
0 0.978125 0.1592592 0.04375 0.0518518
2 0.515625 0.187037 0.31875 0.2407407
