0 0.690625 0.3388888 0.0479166 0.0703703
0 0.70625 0.324074 0.0416666 0.0629629
0 0.7208333 0.3074074 0.0333333 0.074074
0 0.7614583 0.3 0.0145833 0.0444444
0 0.76875 0.287037 0.0291666 0.0481481
0 0.784375 0.2814814 0.03125 0.0444444
0 0.7927083 0.274074 0.0270833 0.0444444
2 0.7395833 0.2962962 0.0333333 0.0666666
2 0.8010416 0.2629629 0.0229166 0.0518518
2 0.8197916 0.25 0.0270833 0.0555555
0 0.8395833 0.2537037 0.0208333 0.0333333
0 0.3989583 0.3703703 0.0729166 0.0814814
0 0.559375 0.3203703 0.0479166 0.0555555
0 0.86875 0.2537037 0.0208333 0.0259259
0 0.3395833 0.7425925 0.2125 0.2629629
0 0.359375 0.4481481 0.0979166 0.1185185
0 0.7489583 0.25 0.01875 0.0259259
0 0.78125 0.25 0.0166666 0.0259259
0 0.8177083 0.2629629 0.01875 0.037037
0 0.478125 0.387037 0.08125 0.0925925
0 0.6135416 0.3351851 0.04375 0.0555555
0 0.6322916 0.287037 0.04375 0.0925925
0 0.659375 0.287037 0.01875 0.0407407
0 0.1447916 0.4333333 0.0895833 0.1111111
0 0.725 0.2574074 0.0208333 0.0259259
0 0.7229166 0.4037037 0.0666666 0.0962962
0 0.6833333 0.2962962 0.0375 0.0444444
0 0.8052083 0.4851851 0.1104166 0.1259259
0 0.7520833 0.2648148 0.025 0.0333333
1 0.6947916 0.2611111 0.0354166 0.0629629
0 0.2958333 0.4185185 0.1 0.1037037
