0 0.0666666 0.5425925 0.1333333 0.2111111
0 0.4677083 0.2333333 0.0645833 0.0592592
0 0.5572916 0.1833333 0.03125 0.0407407
0 0.6833333 0.1351851 0.0125 0.0185185
0 0.1416666 0.8703703 0.2833333 0.2592592
0 0.4395833 0.5185185 0.1958333 0.2444444
2 0.5822916 0.3166666 0.0979166 0.1666666
0 0.6395833 0.2703703 0.05 0.0814814
0 0.7322916 0.2203703 0.0395833 0.0555555
0 0.6635416 0.2351851 0.0479166 0.0703703
2 0.6864583 0.1888888 0.0479166 0.0888888
1 0.78125 0.1314814 0.0166666 0.0333333
0 0.7875 0.1462962 0.0125 0.0185185
0 0.7833333 0.15 0.0125 0.0185185
0 0.75625 0.1703703 0.0208333 0.0296296
0 0.7614583 0.1592592 0.01875 0.0296296
0 0.7635416 0.1481481 0.0145833 0.0222222
0 0.7666666 0.1407407 0.0125 0.0148148
1 0.7541666 0.1314814 0.0208333 0.0333333
0 0.728125 0.1629629 0.0229166 0.037037
0 0.7260416 0.1666666 0.01875 0.037037
0 0.7354166 0.1555555 0.0166666 0.0296296
2 0.7395833 0.1481481 0.0166666 0.037037
0 0.7479166 0.1481481 0.0083333 0.0222222
0 0.7072916 0.1555555 0.01875 0.0296296
0 0.7125 0.1518518 0.0166666 0.0296296
0 0.7041666 0.1351851 0.0166666 0.0333333
0 0.0385416 0.7759259 0.0770833 0.2037037
