2 0.8895833 0.3666666 0.0458333 0.0962962
0 0.8489583 0.3037037 0.03125 0.0444444
0 0.8312499 0.2814814 0.0291666 0.037037
0 0.690625 0.3388888 0.0479166 0.0703703
0 0.70625 0.324074 0.0416666 0.0629629
0 0.7208333 0.3092592 0.0333333 0.0703703
0 0.7614583 0.3 0.0145833 0.0444444
0 0.76875 0.287037 0.0291666 0.0481481
0 0.784375 0.2814814 0.03125 0.0444444
0 0.7916666 0.2777777 0.0291666 0.0444444
2 0.7427083 0.2981481 0.0270833 0.0629629
2 0.8010416 0.2629629 0.0229166 0.0518518
2 0.8197916 0.2444444 0.0270833 0.0444444
0 0.8395833 0.2537037 0.0208333 0.0333333
0 0.5927083 0.2981481 0.0354166 0.0407407
0 0.6572916 0.274074 0.0270833 0.037037
0 0.8677083 0.2518518 0.01875 0.0296296
0 0.4333333 0.6814814 0.2208333 0.2296296
0 0.259375 0.5148148 0.1104166 0.1555555
0 0.4770833 0.3685185 0.0625 0.0703703
2 0.403125 0.3481481 0.0520833 0.074074
0 0.7229166 0.2648148 0.025 0.0259259
0 0.775 0.2481481 0.0208333 0.0222222
0 0.8197916 0.2166666 0.0145833 0.0185185
0 0.6833333 0.2796296 0.0291666 0.0333333
0 0.6572916 0.3129629 0.04375 0.0407407
0 0.7572916 0.2611111 0.0229166 0.0259259
0 0.759375 0.2462962 0.0145833 0.0111111
0 0.790625 0.2388888 0.01875 0.0259259
0 0.3114583 0.3851851 0.1145833 0.1851851
0 0.4979166 0.3259259 0.0416666 0.0518518
0 0.8177083 0.2666666 0.0145833 0.037037
1 0.253125 0.3851851 0.1520833 0.1703703
