0 0.903125 0.9574074 0.19375 0.0851851
0 0.3135416 0.5444444 0.10625 0.1703703
0 0.7604166 0.4203703 0.0666666 0.0925925
0 0.346875 0.4462962 0.1020833 0.1148148
0 0.1864583 0.4425925 0.1104166 0.1074074
0 0.7510416 0.3574074 0.05625 0.0703703
0 0.4479166 0.3592592 0.0666666 0.0666666
0 0.5770833 0.3518518 0.0625 0.0666666
0 0.690625 0.3388888 0.04375 0.0703703
0 0.653125 0.3129629 0.04375 0.0481481
0 0.70625 0.324074 0.0416666 0.0629629
1 0.65 0.274074 0.05 0.074074
0 0.7208333 0.3055555 0.0333333 0.0703703
2 0.7416666 0.2907407 0.0375 0.0629629
0 0.7625 0.2962962 0.0166666 0.0444444
0 0.7697916 0.2925925 0.03125 0.0444444
0 0.7864583 0.2814814 0.0395833 0.0518518
2 0.8010416 0.2629629 0.0270833 0.0592592
2 0.7854166 0.2444444 0.025 0.0296296
0 0.765625 0.2611111 0.0270833 0.0333333
0 0.590625 0.2962962 0.0520833 0.1037037
0 0.7072916 0.2629629 0.0229166 0.0296296
0 0.8177083 0.2666666 0.0145833 0.037037
2 0.821875 0.2574074 0.0229166 0.0407407
2 0.8197916 0.2314814 0.0270833 0.0185185
0 0.6791666 0.2685185 0.0166666 0.0333333
0 0.7385416 0.2518518 0.0229166 0.0296296
0 0.7479166 0.237037 0.0208333 0.0222222
0 0.840625 0.2537037 0.01875 0.0407407
0 0.8697916 0.2518518 0.01875 0.0296296
1 0.8072916 0.2037037 0.0145833 0.0222222
0 0.7229166 0.2648148 0.025 0.0185185
0 0.8020833 0.2314814 0.0125 0.0185185
0 0.8135416 0.2185185 0.01875 0.0148148
0 0.81875 0.2129629 0.0166666 0.0185185
0 0.8302083 0.2166666 0.0104166 0.0185185
0 0.6177083 0.3074074 0.0104166 0.037037
