1 0.1885416 0.3259259 0.3770833 0.3555555
0 0.8312499 0.1833333 0.1083333 0.0925925
0 0.8354166 0.0777777 0.0375 0.0518518
2 0.5229166 0.1962962 0.275 0.2
2 0.8583333 0.0722222 0.0375 0.0629629
0 0.8114583 0.0518518 0.0229166 0.037037
0 0.1833333 0.1611111 0.0583333 0.0407407
0 0.1145833 0.1888888 0.0375 0.037037
0 0.0802083 0.2037037 0.0395833 0.0444444
2 0.621875 0.0981481 0.0770833 0.0629629
0 0.796875 0.0314814 0.0270833 0.0407407
1 0.0260416 0.224074 0.0520833 0.0703703
0 0.50625 0.1111111 0.1458333 0.1481481
