2 0.4854166 0.3148148 0.1541666 0.2074074
0 0.4604166 0.2092592 0.0333333 0.0333333
0 0.5677083 0.3444444 0.0354166 0.0814814
0 0.7625 0.2981481 0.0625 0.0925925
0 0.7229166 0.3148148 0.0666666 0.0592592
0 0.5885416 0.2518518 0.0520833 0.0518518
0 0.509375 0.2 0.03125 0.037037
0 0.4375 0.1703703 0.0166666 0.0148148
0 0.4104166 0.1592592 0.0125 0.0222222
0 0.365625 0.1592592 0.0145833 0.0222222
0 0.3291666 0.2388888 0.0375 0.0555555
0 0.3177083 0.1981481 0.0270833 0.0333333
0 0.30625 0.1759259 0.0208333 0.0259259
0 0.328125 0.1703703 0.01875 0.0222222
1 0.2739583 0.1685185 0.0270833 0.0555555
0 0.3229166 0.15 0.0125 0.0185185
