0 0.1625 0.3722222 0.0458333 0.0629629
0 0.5666666 0.4611111 0.0916666 0.1
1 0.75625 0.3259259 0.1375 0.1185185
0 0.2385416 0.2907407 0.0229166 0.0259259
0 0.2614583 0.2759259 0.01875 0.0185185
0 0.1229166 0.3018518 0.025 0.0333333
0 0.1447916 0.2833333 0.0229166 0.0259259
2 0.5020833 0.2925925 0.1 0.0814814
1 0.4395833 0.3888888 0.1291666 0.1777777
0 0.3572916 0.3851851 0.0395833 0.0814814
0 0.084375 0.4222222 0.0645833 0.1851851
0 0.2822916 0.274074 0.0145833 0.0222222
1 0.334375 0.3351851 0.0895833 0.1148148
0 0.25625 0.2962962 0.0291666 0.0296296
0 0.1072916 0.2962962 0.0145833 0.0296296
0 0.8104166 0.4833333 0.125 0.1222222
0 0.2833333 0.2944444 0.0208333 0.0259259
0 0.24375 0.387037 0.0541666 0.0703703
0 0.49375 0.3351851 0.0416666 0.0481481
0 0.0666666 0.2925925 0.0208333 0.0222222
0 0.0802083 0.2925925 0.01875 0.0222222
