0 0.8010416 0.3574074 0.0479166 0.0703703
0 0.3010416 0.6314814 0.1479166 0.2111111
0 0.7895833 0.3148148 0.0416666 0.0518518
0 0.1072916 0.4759259 0.1270833 0.1148148
0 0.440625 0.4129629 0.0895833 0.0925925
0 0.690625 0.3388888 0.04375 0.0703703
0 0.70625 0.3259259 0.0416666 0.0666666
2 0.7208333 0.3074074 0.0333333 0.074074
0 0.7614583 0.2962962 0.0145833 0.0444444
0 0.7864583 0.2777777 0.0354166 0.0444444
2 0.8010416 0.2629629 0.0229166 0.0592592
0 0.759375 0.2648148 0.0270833 0.0259259
0 0.6760416 0.274074 0.0270833 0.037037
0 0.8177083 0.2666666 0.0145833 0.037037
2 0.821875 0.2574074 0.0229166 0.0407407
2 0.8197916 0.2314814 0.0270833 0.0185185
0 0.7541666 0.2388888 0.0166666 0.0259259
0 0.840625 0.2537037 0.0229166 0.0407407
0 0.86875 0.2518518 0.0208333 0.0296296
2 0.7416666 0.2944444 0.0375 0.0703703
0 0.5729166 0.3518518 0.0583333 0.074074
0 0.8197916 0.2148148 0.0145833 0.0222222
2 0.8270833 0.1944444 0.0166666 0.0259259
2 0.85625 0.4574074 0.0875 0.1592592
0 0.765625 0.2537037 0.0229166 0.0333333
0 0.715625 0.2574074 0.0229166 0.0333333
0 0.7822916 0.2462962 0.01875 0.0259259
0 0.7989583 0.2296296 0.01875 0.0222222
0 0.8145833 0.2018518 0.0166666 0.0185185
0 0.5197916 0.3222222 0.0604166 0.1185185
1 0.5666666 0.2981481 0.05 0.0925925
0 0.475 0.3444444 0.0375 0.0592592
0 0.628125 0.287037 0.0270833 0.0407407
0 0.7697916 0.2907407 0.03125 0.0407407
0 0.8354166 0.8518518 0.3291666 0.2962962
0 0.6572916 0.3 0.0354166 0.0444444
