0 0.4447916 0.1425925 0.04375 0.0407407
0 0.459375 0.1222222 0.0395833 0.0296296
1 0.375 0.6777777 0.75 0.6444444
0 0.5541666 0.1481481 0.0375 0.0518518
0 0.5614583 0.25 0.0645833 0.0703703
0 0.7677083 0.2888888 0.0479166 0.0814814
0 0.790625 0.2425925 0.03125 0.0481481
0 0.6947916 0.1925925 0.0270833 0.037037
0 0.7604166 0.2111111 0.025 0.037037
0 0.8041666 0.2166666 0.0208333 0.0333333
0 0.8052083 0.2092592 0.0145833 0.0259259
0 0.8072916 0.2018518 0.0145833 0.0259259
0 0.7864583 0.1907407 0.0145833 0.0259259
0 0.49375 0.2018518 0.0583333 0.0481481
0 0.59375 0.1537037 0.025 0.0259259
0 0.659375 0.1629629 0.0229166 0.0222222
0 0.640625 0.1481481 0.0229166 0.0222222
0 0.659375 0.1518518 0.01875 0.0148148
0 0.69375 0.1611111 0.0208333 0.0259259
0 0.6708333 0.1518518 0.0125 0.0222222
0 0.6791666 0.1518518 0.0125 0.0222222
0 0.721875 0.1592592 0.0145833 0.0148148
