2 0.8916666 0.3537037 0.0416666 0.0925925
0 0.85625 0.2962962 0.0291666 0.0444444
0 0.8375 0.2777777 0.0291666 0.037037
0 0.690625 0.3388888 0.0479166 0.0703703
0 0.70625 0.324074 0.0416666 0.0629629
0 0.7208333 0.3092592 0.0333333 0.0703703
0 0.7614583 0.2981481 0.0145833 0.0407407
0 0.76875 0.2907407 0.0291666 0.0481481
0 0.784375 0.2814814 0.03125 0.0444444
0 0.7916666 0.2777777 0.0291666 0.0444444
2 0.7447916 0.2944444 0.0229166 0.0629629
2 0.8010416 0.2629629 0.0229166 0.0518518
2 0.81875 0.2425925 0.0291666 0.0407407
0 0.840625 0.2537037 0.0229166 0.0333333
0 0.565625 0.3074074 0.0395833 0.0444444
0 0.8677083 0.2518518 0.01875 0.0296296
0 0.4114583 0.3944444 0.0729166 0.0777777
2 0.3364583 0.3685185 0.0604166 0.0851851
0 0.7072916 0.2777777 0.0354166 0.037037
0 0.759375 0.2555555 0.01875 0.0222222
0 0.8291666 0.2111111 0.0125 0.0148148
0 0.65625 0.2888888 0.0333333 0.037037
0 0.6083333 0.337037 0.05 0.0592592
0 0.7791666 0.2444444 0.0208333 0.0296296
0 0.4489583 0.3425925 0.0479166 0.0555555
0 0.8177083 0.2666666 0.0145833 0.037037
0 0.740625 0.2555555 0.0229166 0.0222222
1 0.1020833 0.4277777 0.175 0.2111111
0 0.7114583 0.2574074 0.01875 0.0111111
0 0.728125 0.2722222 0.01875 0.0333333
0 0.6395833 0.2851851 0.0166666 0.0296296
0 0.7427083 0.837037 0.36875 0.3185185
0 0.2270833 0.6018518 0.1166666 0.2037037
0 0.2302083 0.4129629 0.13125 0.2111111
