0 0.6916666 0.337037 0.0458333 0.0666666
0 0.70625 0.324074 0.0416666 0.0629629
0 0.7208333 0.3111111 0.0333333 0.0666666
0 0.7614583 0.3 0.0145833 0.0444444
0 0.76875 0.287037 0.0291666 0.0481481
0 0.784375 0.2814814 0.03125 0.0444444
0 0.7916666 0.274074 0.0291666 0.0444444
2 0.7427083 0.2907407 0.0270833 0.0629629
2 0.8010416 0.2629629 0.0229166 0.0518518
2 0.8197916 0.25 0.0270833 0.0555555
0 0.8395833 0.2537037 0.0208333 0.0333333
0 0.4760416 0.3444444 0.0604166 0.0666666
0 0.6010416 0.3074074 0.0395833 0.0518518
0 0.86875 0.2537037 0.0208333 0.0259259
0 0.25 0.6166666 0.125 0.1888888
0 0.4291666 0.4166666 0.0916666 0.1
0 0.7572916 0.2462962 0.01875 0.0259259
0 0.7833333 0.25 0.0166666 0.0259259
0 0.8177083 0.2629629 0.01875 0.037037
0 0.5270833 0.374074 0.0708333 0.074074
0 0.40625 0.3796296 0.0708333 0.0851851
0 0.625 0.3314814 0.0458333 0.0629629
0 0.65 0.2851851 0.0416666 0.0888888
0 0.6802083 0.2796296 0.0270833 0.0333333
0 0.246875 0.4018518 0.0770833 0.0925925
0 0.7364583 0.2518518 0.01875 0.0222222
1 0.7125 0.2537037 0.0375 0.0555555
0 0.7177083 0.437037 0.0770833 0.1037037
0 0.6947916 0.2907407 0.0270833 0.0333333
0 0.9197916 0.5351851 0.15625 0.1444444
0 0.6916666 0.2629629 0.0166666 0.037037
0 0.725 0.8907407 0.4458333 0.2185185
0 0.05 0.537037 0.1 0.1629629
