0 0.6427083 0.6388888 0.2104166 0.3
1 0.9677083 0.5777777 0.0645833 0.2296296
0 0.6708333 0.3574074 0.0958333 0.0851851
0 0.4916666 0.4111111 0.1166666 0.1481481
2 0.4229166 0.3037037 0.0833333 0.1407407
0 0.465625 0.224074 0.05625 0.1
0 0.359375 0.2444444 0.0395833 0.074074
0 0.4208333 0.1981481 0.0333333 0.0333333
0 0.4145833 0.2296296 0.0458333 0.037037
0 0.3385416 0.2259259 0.03125 0.0592592
0 0.3604166 0.1981481 0.0291666 0.0333333
0 0.3208333 0.2111111 0.0333333 0.0518518
0 0.2760416 0.2111111 0.0270833 0.0444444
0 0.246875 0.1851851 0.01875 0.0296296
0 0.36875 0.1685185 0.0208333 0.0259259
0 0.3208333 0.1685185 0.0208333 0.0259259
0 0.2822916 0.1611111 0.0229166 0.0259259
1 0.2510416 0.1481481 0.0145833 0.0296296
0 0.3395833 0.1592592 0.0166666 0.0222222
