0 0.390625 0.6462962 0.25625 0.3
0 0.1916666 0.6 0.25 0.2518518
0 0.6072916 0.274074 0.0729166 0.074074
0 0.703125 0.2611111 0.04375 0.0555555
0 0.7635416 0.2148148 0.0270833 0.037037
0 0.7947916 0.2166666 0.0270833 0.0333333
0 0.7760416 0.1907407 0.01875 0.0259259
0 0.7385416 0.1981481 0.0270833 0.0333333
0 0.6916666 0.1944444 0.0291666 0.0333333
0 0.5479166 0.1907407 0.0416666 0.0481481
0 0.5135416 0.1851851 0.0479166 0.0518518
0 0.4270833 0.1925925 0.0583333 0.0444444
0 0.0604166 0.3166666 0.1 0.1222222
0 0.0354166 0.2944444 0.0708333 0.137037
1 0.80625 0.1944444 0.025 0.0555555
0 0.640625 0.1481481 0.0229166 0.0222222
0 0.6833333 0.1592592 0.0166666 0.0222222
2 0.665625 0.1574074 0.01875 0.0259259
0 0.4385416 0.1425925 0.01875 0.0407407
0 0.4572916 0.1407407 0.01875 0.0296296
0 0.4645833 0.1222222 0.0291666 0.0296296
0 0.4427083 0.1185185 0.00625 0.0148148
0 0.5958333 0.1518518 0.025 0.0222222
1 0.7208333 0.4203703 0.1833333 0.3962962
