0 0.9302083 0.7074074 0.1145833 0.237037
0 0.9260416 0.324074 0.0229166 0.0333333
0 0.440625 0.3759259 0.09375 0.0777777
0 0.953125 0.4851851 0.0479166 0.0962962
0 0.9104166 0.3444444 0.025 0.0444444
0 0.9552083 0.3962962 0.0354166 0.0666666
0 0.8479166 0.3574074 0.0416666 0.0555555
0 0.2677083 0.4314814 0.1270833 0.1
0 0.21875 0.4185185 0.1083333 0.0888888
0 0.396875 0.3537037 0.0979166 0.0925925
0 0.3354166 0.4944444 0.1333333 0.1518518
0 0.8 0.324074 0.05 0.0925925
0 0.4979166 0.6203703 0.2416666 0.2259259
2 0.8770833 0.2759259 0.0166666 0.0259259
