0 0.7760416 0.6518518 0.2104166 0.2518518
0 0.3427083 0.2574074 0.0270833 0.0629629
1 0.2958333 0.2629629 0.0833333 0.1629629
0 0.3229166 0.2111111 0.025 0.037037
0 0.3375 0.1851851 0.0208333 0.037037
0 0.3083333 0.1629629 0.0166666 0.0222222
0 0.3666666 0.1592592 0.0125 0.0222222
0 0.3947916 0.1722222 0.01875 0.0259259
0 0.428125 0.1722222 0.01875 0.0259259
0 0.48125 0.1907407 0.025 0.0259259
2 0.5322916 0.2148148 0.03125 0.0444444
0 0.6041666 0.2203703 0.0375 0.0629629
0 0.9572916 0.4796296 0.0854166 0.0851851
0 0.8145833 0.4518518 0.1125 0.1037037
0 0.078125 0.2777777 0.03125 0.0518518
0 0.0104166 0.374074 0.0208333 0.0444444
