0 0.084375 0.5833333 0.16875 0.2185185
0 0.7072916 0.4629629 0.1020833 0.1629629
0 0.6072916 0.374074 0.10625 0.1259259
0 0.7895833 0.2611111 0.0375 0.0555555
0 0.8010416 0.2314814 0.0270833 0.0407407
0 0.80625 0.2092592 0.0208333 0.0333333
0 0.7354166 0.2351851 0.0375 0.0481481
2 0.7833333 0.1851851 0.0291666 0.0518518
0 0.734375 0.1814814 0.0229166 0.0296296
0 0.7083333 0.1888888 0.0291666 0.0296296
0 0.459375 0.1203703 0.0395833 0.0333333
0 0.4447916 0.1407407 0.04375 0.0444444
0 0.5229166 0.174074 0.0458333 0.0444444
0 0.5958333 0.1537037 0.025 0.0259259
0 0.6229166 0.1481481 0.0291666 0.0444444
0 0.6427083 0.15 0.01875 0.0259259
