0 0.2104166 0.0648148 0.0291666 0.0333333
0 0.325 0.1037037 0.0458333 0.0444444
2 0.0302083 0.5574074 0.0604166 0.3666666
0 0.8989583 0.2777777 0.03125 0.0592592
0 0.8833333 0.3129629 0.0416666 0.0703703
0 0.8125 0.2722222 0.0375 0.0629629
0 0.8395833 0.2574074 0.0333333 0.0629629
0 0.8479166 0.2388888 0.0333333 0.0555555
0 0.8625 0.2277777 0.0291666 0.0555555
0 0.8729166 0.2166666 0.025 0.0481481
0 0.8854166 0.2092592 0.0208333 0.0407407
0 0.8916666 0.1962962 0.0166666 0.0296296
0 0.896875 0.1925925 0.0145833 0.0296296
0 0.9041666 0.187037 0.0125 0.0259259
0 0.9395833 0.3185185 0.0458333 0.1111111
2 0.1239583 0.0481481 0.0479166 0.0592592
0 0.0927083 0.1574074 0.0395833 0.0629629
1 0.0614583 0.0425925 0.0354166 0.0629629
