0 0.9302083 0.7074074 0.1145833 0.237037
0 0.9322916 0.3129629 0.0145833 0.0259259
0 0.440625 0.3759259 0.09375 0.0777777
0 0.9552083 0.487037 0.0479166 0.0925925
0 0.9552083 0.3962962 0.0354166 0.0666666
0 0.8895833 0.3203703 0.025 0.0333333
0 0.2677083 0.4314814 0.1270833 0.1
0 0.21875 0.4185185 0.1083333 0.0888888
0 0.3791666 0.3611111 0.1 0.1
0 0.3333333 0.4962962 0.1333333 0.1481481
0 0.8395833 0.3111111 0.0333333 0.074074
0 0.9260416 0.3203703 0.01875 0.0259259
0 0.8145833 0.3814814 0.0541666 0.0666666
2 0.8541666 0.2759259 0.0166666 0.0259259
