0 0.925 0.8648148 0.15 0.2703703
0 0.3864583 0.6425925 0.18125 0.3888888
0 0.3697916 0.3407407 0.06875 0.1037037
2 0.3510416 0.1907407 0.0479166 0.0851851
0 0.3760416 0.1962962 0.0145833 0.037037
0 0.3083333 0.1907407 0.0208333 0.0333333
0 0.3083333 0.1685185 0.0166666 0.0185185
1 0.2864583 0.1537037 0.0229166 0.0407407
0 0.309375 0.1592592 0.0145833 0.0148148
0 0.9291666 0.4 0.0875 0.1259259
0 0.965625 0.5222222 0.06875 0.1037037
0 0.7260416 0.3796296 0.0854166 0.1
0 0.4854166 0.1944444 0.025 0.0259259
0 0.434375 0.1722222 0.01875 0.0259259
0 0.3302083 0.1611111 0.0145833 0.0185185
0 0.6645833 0.2777777 0.0583333 0.0592592
2 0.884375 0.9537037 0.15625 0.0925925
