0 0.4447916 0.1425925 0.04375 0.0407407
0 0.459375 0.1222222 0.0395833 0.0296296
1 0.515625 0.6462962 0.5229166 0.7074074
0 0.54375 0.15 0.0416666 0.0555555
0 0.0645833 0.5648148 0.1291666 0.1518518
0 0.0729166 0.7555555 0.1458333 0.2592592
0 0.609375 0.2259259 0.0520833 0.0518518
0 0.775 0.2722222 0.0458333 0.0703703
0 0.79375 0.237037 0.025 0.0444444
0 0.709375 0.1888888 0.0229166 0.0296296
0 0.765625 0.2037037 0.0229166 0.0296296
0 0.803125 0.2148148 0.01875 0.0296296
0 0.8083333 0.2018518 0.0166666 0.0259259
0 0.790625 0.1888888 0.0145833 0.0222222
0 0.5947916 0.1537037 0.0229166 0.0259259
0 0.640625 0.1481481 0.0229166 0.0222222
0 0.6489583 0.1629629 0.0229166 0.0222222
0 0.6572916 0.1518518 0.0145833 0.0222222
0 0.684375 0.1611111 0.0229166 0.0259259
0 0.6697916 0.15 0.0145833 0.0185185
0 0.678125 0.15 0.0104166 0.0185185
0 0.7177083 0.1592592 0.0145833 0.0222222
0 0.7447916 0.1611111 0.0145833 0.0185185
