0 0.590625 0.5111111 0.0729166 0.1111111
0 0.5614583 0.6333333 0.1104166 0.1703703
0 0.290625 0.274074 0.0229166 0.037037
0 0.1229166 0.3833333 0.075 0.0629629
0 0.1541666 0.3722222 0.0541666 0.0481481
0 0.16875 0.3537037 0.0708333 0.0481481
0 0.0854166 0.3611111 0.0583333 0.0555555
0 0.95 0.3203703 0.0541666 0.0407407
0 0.2625 0.2814814 0.0333333 0.0444444
0 0.3729166 0.4703703 0.0875 0.1111111
0 0.4541666 0.4222222 0.075 0.0814814
0 0.059375 0.4037037 0.06875 0.0592592
0 0.7375 0.437037 0.0416666 0.0666666
0 0.7895833 0.4333333 0.025 0.0518518
0 0.0854166 0.6944444 0.1708333 0.4481481
0 0.4604166 0.8555555 0.1875 0.2888888
