1 0.7708333 0.2611111 0.0708333 0.1444444
0 0.446875 0.1611111 0.05625 0.0703703
0 0.4604166 0.1222222 0.0375 0.0296296
0 0.140625 0.8962962 0.28125 0.2074074
0 0.353125 0.4703703 0.1770833 0.1777777
0 0.65 0.5351851 0.1416666 0.2259259
0 0.6364583 0.3537037 0.0895833 0.1148148
0 0.4895833 0.2851851 0.0916666 0.0814814
0 0.6895833 0.2333333 0.0416666 0.0518518
0 0.671875 0.1962962 0.03125 0.037037
0 0.5614583 0.1759259 0.0479166 0.0481481
0 0.5270833 0.1759259 0.0375 0.0407407
0 0.80625 0.2092592 0.0125 0.0259259
0 0.80625 0.224074 0.0125 0.0407407
0 0.8072916 0.1981481 0.0145833 0.0259259
0 0.7291666 0.1833333 0.0208333 0.0259259
0 0.5958333 0.1537037 0.025 0.0259259
0 0.63125 0.1611111 0.025 0.0259259
0 0.6416666 0.15 0.0166666 0.0259259
0 0.6802083 0.1611111 0.01875 0.0185185
0 0.7177083 0.1629629 0.0145833 0.0148148
0 0.66875 0.1537037 0.0166666 0.0185185
0 0.6791666 0.1518518 0.0125 0.0148148
0 0.6260416 0.1759259 0.03125 0.0333333
0 0.640625 0.1481481 0.0229166 0.0222222
0 0.65625 0.15 0.0125 0.0185185
