1 0.7822916 0.237037 0.05625 0.1111111
0 0.4072916 0.1666666 0.0645833 0.074074
0 0.4145833 0.6592592 0.25 0.2962962
0 0.7020833 0.4018518 0.0916666 0.137037
0 0.6875 0.2925925 0.0625 0.0814814
0 0.5635416 0.3092592 0.0895833 0.0925925
0 0.6114583 0.2259259 0.0520833 0.0518518
0 0.721875 0.2129629 0.03125 0.0407407
0 0.70625 0.1851851 0.025 0.0222222
0 0.7458333 0.1777777 0.0166666 0.0222222
0 0.4791666 0.1888888 0.0625 0.0592592
0 0.453125 0.1833333 0.03125 0.0407407
0 0.4489583 0.1388888 0.0354166 0.0333333
0 0.459375 0.1222222 0.0395833 0.0296296
0 0.6 0.1611111 0.0333333 0.0333333
0 0.5916666 0.15 0.0208333 0.0185185
0 0.6395833 0.1481481 0.0208333 0.0222222
0 0.665625 0.1592592 0.01875 0.0222222
0 0.659375 0.1518518 0.0145833 0.0148148
0 0.671875 0.1518518 0.0145833 0.0222222
0 0.6802083 0.15 0.0104166 0.0185185
0 0.7072916 0.1629629 0.01875 0.0222222
0 0.809375 0.1925925 0.0145833 0.0222222
