1 0.8166666 0.5981481 0.3666666 0.4111111
0 0.5166666 0.487037 0.1083333 0.1222222
1 0.425 0.3851851 0.1333333 0.1703703
0 0.340625 0.3092592 0.03125 0.0407407
0 0.2895833 0.3018518 0.0333333 0.0407407
0 0.265625 0.2888888 0.0270833 0.0296296
0 0.2385416 0.2925925 0.0229166 0.0296296
0 0.2135416 0.2925925 0.0270833 0.0296296
0 0.1885416 0.287037 0.0354166 0.0259259
0 0.1385416 0.2888888 0.03125 0.0296296
0 0.096875 0.2907407 0.0270833 0.0259259
0 0.0677083 0.2944444 0.0229166 0.0259259
0 0.1333333 0.324074 0.0333333 0.0555555
0 0.2145833 0.3703703 0.05 0.0814814
0 0.2979166 0.3814814 0.0541666 0.0666666
0 0.3197916 0.3481481 0.04375 0.0592592
0 0.2927083 0.4574074 0.0770833 0.1074074
0 0.1854166 0.4425925 0.0625 0.0777777
0 0.225 0.674074 0.2291666 0.4148148
1 0.7479166 0.3277777 0.1333333 0.1296296
2 0.4802083 0.2907407 0.0645833 0.0777777
