1 0.8916666 0.4925925 0.2166666 0.2814814
0 0.64375 0.6388888 0.2125 0.3
0 0.4916666 0.4111111 0.1166666 0.1481481
0 0.6010416 0.3055555 0.0770833 0.0703703
2 0.4229166 0.3037037 0.0875 0.1407407
0 0.4489583 0.2129629 0.0520833 0.0925925
2 0.359375 0.2444444 0.0395833 0.074074
0 0.4 0.2259259 0.0416666 0.0518518
0 0.3385416 0.2277777 0.03125 0.0629629
0 0.353125 0.1925925 0.0270833 0.037037
0 0.403125 0.1888888 0.0270833 0.0296296
0 0.3208333 0.2129629 0.0333333 0.0481481
0 0.2802083 0.2203703 0.03125 0.0481481
0 0.2489583 0.187037 0.01875 0.0333333
0 0.3604166 0.1648148 0.0208333 0.0259259
0 0.3125 0.1648148 0.0208333 0.0259259
0 0.2697916 0.1629629 0.0229166 0.0222222
1 0.2510416 0.15 0.0145833 0.0333333
