0 0.2302083 0.3666666 0.0479166 0.0592592
0 0.1572916 0.3555555 0.0395833 0.0592592
0 0.5666666 0.4611111 0.0916666 0.1
1 0.7822916 0.3351851 0.1395833 0.1296296
0 0.2395833 0.2925925 0.025 0.0296296
0 0.2625 0.2777777 0.0166666 0.0222222
0 0.10625 0.2962962 0.025 0.037037
0 0.1302083 0.287037 0.03125 0.0259259
2 0.503125 0.2925925 0.1020833 0.0814814
1 0.4395833 0.3925925 0.1291666 0.1851851
0 0.3572916 0.3851851 0.0395833 0.0814814
0 0.084375 0.4166666 0.0604166 0.1666666
0 0.2822916 0.2722222 0.0145833 0.0259259
0 0.5625 0.3574074 0.0625 0.0555555
1 0.3291666 0.3333333 0.0875 0.1185185
0 0.2729166 0.3 0.0291666 0.0296296
0 0.0822916 0.2944444 0.0229166 0.0259259
