0 0.3197916 0.2129629 0.03125 0.0481481
0 0.3395833 0.2296296 0.0333333 0.0592592
2 0.359375 0.2444444 0.0395833 0.0666666
2 0.4229166 0.3129629 0.0833333 0.1222222
0 0.49375 0.4129629 0.1166666 0.1518518
0 0.6447916 0.6388888 0.2104166 0.3
0 0.3166666 0.1685185 0.0208333 0.0259259
0 0.3364583 0.1777777 0.0229166 0.0296296
0 0.3822916 0.2166666 0.0354166 0.0481481
0 0.2645833 0.1888888 0.025 0.0296296
0 0.3447916 0.1592592 0.01875 0.0222222
0 0.3916666 0.1703703 0.0208333 0.0296296
0 0.359375 0.1722222 0.0229166 0.0259259
0 0.4052083 0.1888888 0.03125 0.0296296
0 0.4770833 0.2907407 0.0541666 0.0851851
0 0.54375 0.2703703 0.0833333 0.1333333
0 0.2354166 0.1759259 0.0208333 0.0259259
0 0.5 0.2518518 0.025 0.0444444
