0 0.71875 0.3037037 0.05 0.0444444
0 0.9 0.3444444 0.0583333 0.0444444
0 0.3677083 0.2759259 0.03125 0.0259259
0 0.3802083 0.3018518 0.0354166 0.0407407
0 0.3260416 0.2833333 0.0395833 0.0407407
0 0.2489583 0.3111111 0.03125 0.0296296
1 0.1947916 0.4148148 0.1145833 0.1777777
0 0.2958333 0.3462962 0.0625 0.0259259
1 0.3864583 0.5555555 0.3479166 0.4222222
1 0.14375 0.3722222 0.0625 0.1148148
2 0.7604166 0.537037 0.2958333 0.2518518
0 0.5020833 0.3111111 0.0291666 0.0444444
1 0.4416666 0.3129629 0.1 0.0925925
0 0.978125 0.3518518 0.0354166 0.0592592
0 0.971875 0.4592592 0.05625 0.1925925
