0 0.9302083 0.7074074 0.1145833 0.237037
0 0.9364583 0.3055555 0.0145833 0.0259259
0 0.440625 0.3759259 0.09375 0.0777777
0 0.953125 0.4851851 0.0479166 0.0962962
0 0.9552083 0.3962962 0.0354166 0.0666666
0 0.9010416 0.3111111 0.01875 0.0296296
0 0.2677083 0.4314814 0.1270833 0.1
0 0.21875 0.4185185 0.1083333 0.0888888
0 0.3333333 0.4962962 0.1333333 0.1481481
0 0.853125 0.3055555 0.03125 0.0555555
0 0.93125 0.3129629 0.0166666 0.0259259
0 0.8572916 0.35 0.0354166 0.0481481
0 0.3604166 0.3648148 0.1041666 0.1
2 0.8447916 0.2759259 0.03125 0.0259259
