0 0.1208333 0.3814814 0.075 0.0592592
0 0.1541666 0.3703703 0.0541666 0.0444444
0 0.1677083 0.35 0.06875 0.0481481
0 0.0822916 0.3611111 0.0604166 0.0555555
0 0.0322916 0.3777777 0.0479166 0.0518518
0 0.6958333 0.5129629 0.0666666 0.1148148
0 0.65625 0.3462962 0.0708333 0.0555555
0 0.23125 0.3185185 0.05 0.0444444
0 0.48125 0.3925925 0.075 0.0814814
0 0.3958333 0.4185185 0.0791666 0.1629629
1 0.0291666 0.6851851 0.0583333 0.4
0 0.4604166 0.8537037 0.1916666 0.2925925
0 0.5614583 0.6333333 0.1104166 0.1777777
0 0.5916666 0.5111111 0.0708333 0.1111111
0 0.9135416 0.4148148 0.0770833 0.074074
0 0.9520833 0.3259259 0.0541666 0.0518518
0 0.290625 0.274074 0.0229166 0.037037
