0 0.0572916 0.5166666 0.0645833 0.0925925
0 0.1208333 0.4814814 0.0666666 0.0888888
0 0.0791666 0.4666666 0.0375 0.0666666
0 0.0947916 0.424074 0.0229166 0.0333333
2 0.028125 0.4666666 0.0520833 0.1185185
0 0.215625 0.4833333 0.0770833 0.0777777
0 0.3385416 0.4703703 0.0770833 0.0814814
2 0.2260416 0.3537037 0.09375 0.1
2 0.28125 0.3481481 0.0416666 0.0888888
1 0.153125 0.4296296 0.0979166 0.1333333
1 0.5947916 0.5388888 0.4604166 0.3148148
0 0.8416666 0.624074 0.2125 0.1666666
0 0.959375 0.3833333 0.08125 0.1148148
