0 0.834375 0.0777777 0.0354166 0.0518518
2 0.859375 0.0722222 0.0354166 0.0629629
0 0.7958333 0.0314814 0.025 0.0407407
0 0.8125 0.0518518 0.025 0.037037
2 0.5208333 0.1944444 0.275 0.2111111
0 0.1833333 0.1592592 0.0583333 0.0444444
0 0.0802083 0.2074074 0.0395833 0.0444444
0 0.0572916 0.1981481 0.03125 0.0407407
0 0.1197916 0.187037 0.0395833 0.0333333
1 0.1895833 0.324074 0.3791666 0.3592592
0 0.4708333 0.1111111 0.1416666 0.1481481
0 0.8 0.1759259 0.1083333 0.0925925
1 0.0197916 0.2351851 0.0395833 0.0629629
