2 0.8958333 0.3444444 0.0375 0.0888888
0 0.865625 0.2851851 0.0270833 0.0444444
0 0.690625 0.3388888 0.0479166 0.0703703
0 0.70625 0.324074 0.0416666 0.0629629
0 0.7208333 0.3111111 0.0333333 0.0666666
0 0.7614583 0.2981481 0.0145833 0.0407407
0 0.76875 0.2907407 0.0291666 0.0481481
0 0.784375 0.2814814 0.03125 0.0444444
0 0.7916666 0.2777777 0.0291666 0.0444444
2 0.7447916 0.2944444 0.0229166 0.0629629
2 0.8010416 0.2629629 0.0229166 0.0518518
2 0.8177083 0.25 0.0270833 0.0555555
0 0.5197916 0.3203703 0.04375 0.0481481
0 0.8677083 0.2537037 0.01875 0.0259259
2 0.209375 0.4055555 0.0770833 0.1
0 0.6760416 0.2981481 0.0479166 0.0555555
0 0.7416666 0.2574074 0.025 0.0259259
0 0.8197916 0.2166666 0.0145833 0.0185185
0 0.6072916 0.3055555 0.0354166 0.0481481
0 0.521875 0.3759259 0.06875 0.0703703
0 0.7666666 0.2481481 0.0208333 0.0296296
0 0.3520833 0.3648148 0.0583333 0.0629629
0 0.8177083 0.2666666 0.0145833 0.037037
0 0.6885416 0.2796296 0.0354166 0.0333333
0 0.8427083 0.274074 0.0270833 0.0296296
0 0.840625 0.2555555 0.0229166 0.0222222
0 0.7177083 0.2648148 0.0229166 0.0259259
0 0.296875 0.4351851 0.09375 0.1
0 0.3947916 0.8222222 0.2520833 0.3407407
0 0.0802083 0.4666666 0.1604166 0.2592592
