1 0.746875 0.3277777 0.1354166 0.1222222
0 0.703125 0.387037 0.0854166 0.0703703
0 0.578125 0.4574074 0.06875 0.1
1 0.4760416 0.4166666 0.14375 0.2037037
0 0.553125 0.3685185 0.0395833 0.0555555
0 0.3791666 0.3944444 0.0583333 0.0777777
1 0.340625 0.3407407 0.0895833 0.1185185
0 0.2854166 0.4481481 0.0708333 0.0962962
0 0.1677083 0.3203703 0.03125 0.0481481
0 0.265625 0.2907407 0.0270833 0.0259259
0 0.240625 0.2944444 0.0229166 0.0333333
0 0.2177083 0.2907407 0.0270833 0.0259259
0 0.175 0.2962962 0.0291666 0.037037
0 0.1802083 0.4351851 0.0604166 0.0925925
0 0.0916666 0.4888888 0.0916666 0.2518518
2 0.4802083 0.2888888 0.0604166 0.0814814
