1 0.1895833 0.3259259 0.3791666 0.3555555
2 0.8583333 0.0759259 0.0375 0.0481481
0 0.834375 0.0759259 0.0354166 0.0481481
0 0.8114583 0.0555555 0.0229166 0.0444444
0 0.7979166 0.0333333 0.0291666 0.037037
0 0.0791666 0.2055555 0.0416666 0.0407407
0 0.721875 0.1277777 0.14375 0.1666666
2 0.8572916 0.1444444 0.0770833 0.0888888
1 0.1427083 0.1629629 0.0979166 0.0962962
0 0.9739583 0.2296296 0.0520833 0.074074
0 0.1979166 0.1537037 0.0291666 0.0333333
0 0.5895833 0.0629629 0.0541666 0.037037
0 0.6666666 0.0462962 0.0291666 0.0407407
2 0.5 0.1814814 0.3166666 0.2296296
