0 0.1208333 0.3814814 0.075 0.0592592
0 0.1541666 0.3703703 0.0541666 0.0444444
0 0.1677083 0.35 0.06875 0.0481481
0 0.0822916 0.3611111 0.0604166 0.0555555
0 0.0322916 0.3777777 0.0479166 0.0518518
0 0.6989583 0.5407407 0.06875 0.1333333
0 0.7 0.3425925 0.0708333 0.0555555
0 0.4135416 0.4148148 0.0770833 0.1555555
0 0.490625 0.387037 0.0645833 0.0851851
0 0.2229166 0.3203703 0.05 0.0481481
1 0.059375 0.6666666 0.11875 0.4296296
0 0.4604166 0.8537037 0.1916666 0.2925925
0 0.5614583 0.6333333 0.1104166 0.1777777
0 0.5916666 0.5111111 0.0708333 0.1111111
0 0.95 0.324074 0.05 0.0407407
0 0.8625 0.4166666 0.075 0.0777777
0 0.290625 0.2759259 0.0229166 0.0407407
