0 0.690625 0.3388888 0.0479166 0.0703703
0 0.70625 0.324074 0.0416666 0.0629629
0 0.7208333 0.3092592 0.0333333 0.0703703
0 0.7614583 0.3 0.0145833 0.0444444
0 0.76875 0.287037 0.0291666 0.0481481
0 0.784375 0.2814814 0.03125 0.0444444
0 0.7916666 0.2777777 0.0291666 0.0444444
2 0.7427083 0.2981481 0.0270833 0.0629629
2 0.8010416 0.2629629 0.0229166 0.0518518
2 0.8197916 0.2444444 0.0270833 0.0444444
0 0.8395833 0.2537037 0.0208333 0.0333333
0 0.5541666 0.3222222 0.0458333 0.0518518
0 0.6427083 0.2907407 0.0270833 0.0407407
0 0.8677083 0.2518518 0.01875 0.0296296
0 0.275 0.5129629 0.1166666 0.137037
0 0.5052083 0.3833333 0.0729166 0.0851851
0 0.765625 0.2425925 0.01875 0.0259259
0 0.7833333 0.25 0.0166666 0.0259259
0 0.8177083 0.2629629 0.01875 0.037037
0 0.56875 0.3555555 0.0625 0.0666666
0 0.4947916 0.3481481 0.05625 0.074074
0 0.6322916 0.3277777 0.0479166 0.0555555
0 0.7020833 0.2722222 0.025 0.0333333
0 0.3458333 0.3722222 0.0666666 0.0851851
0 0.265625 0.4407407 0.1020833 0.1111111
0 0.7479166 0.25 0.0125 0.0259259
1 0.73125 0.25 0.0291666 0.0481481
0 0.709375 0.2555555 0.01875 0.0296296
0 0.1208333 0.4703703 0.1291666 0.1185185
0 0.2614583 0.7277777 0.2020833 0.3074074
0 0.765625 0.4907407 0.1395833 0.137037
0 0.6697916 0.2722222 0.0354166 0.0851851
