0 0.4614583 0.8537037 0.19375 0.2925925
0 0.7166666 0.6611111 0.1 0.1814814
0 0.7052083 0.4518518 0.0645833 0.0888888
0 0.5625 0.6333333 0.1125 0.1777777
0 0.590625 0.5111111 0.06875 0.1111111
0 0.628125 0.3407407 0.0645833 0.0592592
0 0.5 0.3462962 0.0583333 0.1074074
1 0.3583333 0.4537037 0.1875 0.2259259
1 0.13125 0.4148148 0.1458333 0.1481481
0 0.0572916 0.7833333 0.1145833 0.2333333
0 0.028125 0.3777777 0.05625 0.037037
0 0.9489583 0.3296296 0.05625 0.0592592
0 0.290625 0.274074 0.0229166 0.037037
