1 0.0083333 0.3555555 0.0166666 0.1703703
0 0.834375 0.0777777 0.0354166 0.0518518
2 0.859375 0.0722222 0.0354166 0.0629629
0 0.9145833 0.0962962 0.0291666 0.037037
0 0.7958333 0.0314814 0.025 0.0407407
0 0.8125 0.0518518 0.025 0.037037
1 0.2208333 0.3203703 0.4416666 0.3814814
0 0.75 0.1518518 0.0333333 0.0518518
0 0.4677083 0.1481481 0.10625 0.0814814
0 0.18125 0.1611111 0.0541666 0.0481481
0 0.0677083 0.2037037 0.0604166 0.0814814
0 0.115625 0.1907407 0.0395833 0.0407407
2 0.765625 0.224074 0.2604166 0.2111111
