2 0.8885416 0.374074 0.04375 0.1037037
0 0.846875 0.3055555 0.03125 0.0481481
0 0.828125 0.2833333 0.03125 0.0407407
0 0.6916666 0.3388888 0.0458333 0.0703703
0 0.70625 0.324074 0.0416666 0.0629629
0 0.7208333 0.3092592 0.0333333 0.0703703
0 0.7614583 0.3 0.0145833 0.0444444
0 0.76875 0.287037 0.0291666 0.0481481
0 0.784375 0.2814814 0.03125 0.0444444
0 0.7916666 0.2777777 0.0291666 0.0444444
2 0.7427083 0.2981481 0.0270833 0.0629629
2 0.8010416 0.2629629 0.0229166 0.0518518
0 0.81875 0.2592592 0.0166666 0.0222222
2 0.8197916 0.2444444 0.0270833 0.0444444
0 0.8395833 0.2555555 0.0208333 0.0296296
0 0.6020833 0.2944444 0.0333333 0.0407407
0 0.6635416 0.2722222 0.0270833 0.0333333
0 0.8677083 0.2518518 0.01875 0.0296296
0 0.3625 0.637037 0.175 0.2
0 0.2885416 0.487037 0.1104166 0.137037
0 0.4989583 0.3592592 0.0604166 0.0666666
2 0.428125 0.3425925 0.0479166 0.0703703
0 0.7322916 0.2648148 0.03125 0.0259259
0 0.7375 0.2537037 0.0208333 0.0185185
0 0.775 0.2481481 0.0208333 0.0222222
0 0.8197916 0.2166666 0.0145833 0.0185185
0 0.5145833 0.3222222 0.0416666 0.0444444
0 0.6895833 0.2759259 0.0291666 0.0333333
0 0.671875 0.3055555 0.0395833 0.0481481
0 0.7427083 0.2462962 0.0145833 0.0185185
1 0.296875 0.374074 0.1229166 0.1555555
0 0.7572916 0.2611111 0.0229166 0.0259259
0 0.759375 0.2462962 0.0145833 0.0111111
0 0.790625 0.2388888 0.01875 0.0259259
0 0.0541666 0.4962962 0.1083333 0.1185185
0 0.3416666 0.3814814 0.1041666 0.1703703
