0 0.3677083 0.2759259 0.03125 0.0259259
0 0.3260416 0.2833333 0.0395833 0.0407407
1 0.1947916 0.4148148 0.1145833 0.1777777
0 0.2958333 0.3462962 0.0625 0.0259259
1 0.3864583 0.5555555 0.3479166 0.4222222
1 0.14375 0.3722222 0.0625 0.1148148
2 0.7864583 0.5 0.3395833 0.3481481
0 0.978125 0.3518518 0.0354166 0.0592592
0 0.3854166 0.3 0.0458333 0.037037
0 0.4083333 0.3055555 0.0208333 0.0333333
0 0.50625 0.3111111 0.0208333 0.037037
0 0.7489583 0.2944444 0.01875 0.0407407
0 0.9208333 0.3481481 0.0166666 0.037037
0 0.665625 0.4018518 0.10625 0.0851851
0 0.8458333 0.4203703 0.1208333 0.0777777
0 0.4583333 0.3259259 0.0916666 0.1185185
