0 0.834375 0.0777777 0.0354166 0.0518518
2 0.859375 0.0722222 0.0354166 0.0629629
0 0.7958333 0.0314814 0.025 0.0407407
0 0.8125 0.0518518 0.025 0.037037
0 0.0802083 0.2074074 0.0395833 0.0444444
0 0.0572916 0.1981481 0.03125 0.0407407
0 0.1197916 0.187037 0.0395833 0.0333333
1 0.1895833 0.324074 0.3791666 0.3592592
0 0.778125 0.1537037 0.1145833 0.0851851
0 0.953125 0.2259259 0.09375 0.1037037
0 0.9833333 0.1648148 0.0333333 0.0555555
0 0.2447916 0.124074 0.10625 0.0925925
0 0.175 0.1648148 0.0416666 0.0407407
0 0.4979166 0.1444444 0.0875 0.0814814
2 0.5104166 0.1851851 0.3166666 0.237037
