0 0.7104166 0.4537037 0.0583333 0.0851851
0 0.9322916 0.4222222 0.0854166 0.074074
0 0.546875 0.3592592 0.06875 0.0666666
0 0.4604166 0.8537037 0.1916666 0.2925925
0 0.5614583 0.6333333 0.1104166 0.1777777
0 0.590625 0.5092592 0.0729166 0.1148148
0 0.0854166 0.3592592 0.0625 0.0518518
0 0.165625 0.3481481 0.0729166 0.0444444
0 0.2895833 0.274074 0.025 0.037037
1 0.165625 0.4574074 0.0979166 0.2111111
0 0.95 0.3333333 0.05 0.0592592
0 0.4614583 0.3685185 0.0645833 0.1296296
0 0.0333333 0.3814814 0.0541666 0.0444444
0 0.1208333 0.3407407 0.05 0.037037
0 0.1083333 0.3833333 0.0458333 0.0629629
1 0.0270833 0.7518518 0.0541666 0.3703703
