0 0.95 0.1314814 0.0375 0.0481481
0 0.834375 0.0777777 0.0354166 0.0518518
2 0.859375 0.0722222 0.0354166 0.0629629
0 0.7958333 0.0314814 0.025 0.0407407
0 0.8125 0.0518518 0.025 0.037037
0 0.7614583 0.1629629 0.09375 0.0888888
0 0.3625 0.1537037 0.0791666 0.0703703
0 0.48125 0.1296296 0.1166666 0.074074
0 0.0552083 0.1962962 0.03125 0.037037
0 0.0802083 0.2055555 0.0395833 0.0481481
0 0.1489583 0.1592592 0.08125 0.0814814
0 0.1979166 0.1537037 0.0291666 0.0333333
1 0.190625 0.3277777 0.38125 0.3592592
2 0.5666666 0.187037 0.325 0.2481481
