2 0.8875 0.3777777 0.0458333 0.1037037
0 0.84375 0.3092592 0.0333333 0.0481481
0 0.8239583 0.287037 0.03125 0.0407407
0 0.6916666 0.3388888 0.0458333 0.0703703
0 0.70625 0.324074 0.0416666 0.0629629
0 0.7208333 0.3092592 0.0333333 0.0703703
0 0.7614583 0.3 0.0145833 0.0444444
0 0.76875 0.287037 0.0291666 0.0481481
0 0.784375 0.2814814 0.03125 0.0444444
0 0.7916666 0.2777777 0.0291666 0.0444444
2 0.7427083 0.2981481 0.0270833 0.0629629
2 0.8010416 0.2629629 0.0229166 0.0518518
0 0.81875 0.2592592 0.0166666 0.0222222
2 0.8197916 0.2444444 0.0270833 0.0444444
0 0.8395833 0.2555555 0.0208333 0.0296296
0 0.6104166 0.2925925 0.0333333 0.037037
0 0.6708333 0.2703703 0.025 0.037037
0 0.8677083 0.2518518 0.01875 0.0296296
0 0.3166666 0.5944444 0.1375 0.1814814
0 0.3260416 0.4592592 0.10625 0.1185185
0 0.1239583 0.4666666 0.11875 0.1037037
0 0.5197916 0.35 0.05625 0.0629629
2 0.4510416 0.3388888 0.0479166 0.0703703
0 0.7375 0.2648148 0.0291666 0.0259259
0 0.7427083 0.2611111 0.01875 0.0259259
0 0.7625 0.2574074 0.0208333 0.0333333
0 0.7947916 0.2333333 0.0145833 0.0148148
0 0.7802083 0.2444444 0.01875 0.0222222
0 0.821875 0.2166666 0.0145833 0.0185185
1 0.3322916 0.3537037 0.1104166 0.137037
0 0.53125 0.3148148 0.0375 0.0444444
0 0.6989583 0.2722222 0.0270833 0.0333333
0 0.6875 0.3 0.0375 0.037037
0 0.3677083 0.3722222 0.09375 0.1592592
0 0.7458333 0.2444444 0.0166666 0.0222222
