0 0.0833333 0.5666666 0.1666666 0.2074074
0 0.7145833 0.3796296 0.0875 0.137037
0 0.7770833 0.2833333 0.0458333 0.0703703
0 0.7322916 0.2388888 0.0395833 0.0555555
0 0.6125 0.2277777 0.0541666 0.0555555
0 0.7989583 0.2314814 0.0270833 0.0407407
0 0.80625 0.2148148 0.0208333 0.037037
0 0.825 0.2074074 0.025 0.0296296
0 0.7708333 0.2018518 0.025 0.0333333
2 0.7979166 0.1777777 0.0208333 0.0444444
2 0.7822916 0.174074 0.0145833 0.0296296
0 0.7645833 0.174074 0.0166666 0.0222222
0 0.746875 0.1759259 0.01875 0.0259259
0 0.71875 0.1611111 0.0208333 0.0259259
0 0.6885416 0.1592592 0.0229166 0.0222222
0 0.640625 0.15 0.0229166 0.0259259
0 0.6145833 0.1759259 0.0375 0.0407407
0 0.5895833 0.1481481 0.0333333 0.0518518
0 0.4583333 0.1222222 0.0416666 0.037037
0 0.4447916 0.1425925 0.04375 0.0407407
0 0.2510416 0.2425925 0.0854166 0.0703703
