0 0.690625 0.3388888 0.0479166 0.0703703
0 0.70625 0.324074 0.0416666 0.0629629
0 0.7208333 0.3092592 0.0333333 0.0703703
0 0.7614583 0.3 0.0145833 0.0444444
0 0.76875 0.287037 0.0291666 0.0481481
0 0.784375 0.2814814 0.03125 0.0444444
0 0.7916666 0.2777777 0.0291666 0.0444444
2 0.7427083 0.2981481 0.0270833 0.0629629
2 0.8010416 0.2629629 0.0229166 0.0518518
2 0.8197916 0.25 0.0270833 0.0555555
0 0.8395833 0.2537037 0.0208333 0.0333333
0 0.5416666 0.3222222 0.0458333 0.0592592
0 0.6375 0.2907407 0.0291666 0.0407407
0 0.8677083 0.2518518 0.01875 0.0296296
0 0.265625 0.5222222 0.1145833 0.1407407
0 0.4979166 0.3851851 0.075 0.0888888
0 0.765625 0.2425925 0.01875 0.0259259
0 0.7833333 0.25 0.0166666 0.0259259
0 0.8177083 0.2629629 0.01875 0.037037
0 0.5645833 0.3574074 0.0625 0.0703703
0 0.4854166 0.3518518 0.0583333 0.074074
0 0.6322916 0.3296296 0.0479166 0.0592592
0 0.6989583 0.2722222 0.0270833 0.0333333
0 0.334375 0.374074 0.06875 0.0814814
0 0.2385416 0.4518518 0.1104166 0.1259259
0 0.746875 0.2518518 0.0145833 0.0296296
1 0.7270833 0.25 0.0291666 0.0481481
0 0.7072916 0.2574074 0.01875 0.0333333
0 0.0958333 0.4777777 0.1333333 0.1185185
0 0.2947916 0.7555555 0.2270833 0.3333333
0 0.7520833 0.4814814 0.125 0.1333333
0 0.6677083 0.274074 0.0354166 0.0814814
