0 0.4145833 0.6574074 0.1833333 0.2407407
0 0.778125 0.3851851 0.05625 0.0814814
0 0.271875 0.5148148 0.10625 0.1481481
0 0.7708333 0.3351851 0.05 0.0555555
0 0.3270833 0.3962962 0.0875 0.0814814
0 0.528125 0.374074 0.0729166 0.074074
0 0.690625 0.3388888 0.04375 0.0703703
0 0.70625 0.3259259 0.0416666 0.0666666
0 0.7208333 0.3074074 0.0333333 0.074074
0 0.7614583 0.2925925 0.0145833 0.037037
0 0.76875 0.2907407 0.0333333 0.0407407
0 0.7864583 0.2814814 0.0354166 0.0518518
2 0.8 0.2629629 0.025 0.0592592
2 0.7802083 0.2481481 0.0270833 0.0296296
0 0.7604166 0.2611111 0.025 0.0259259
0 0.6958333 0.2666666 0.025 0.0296296
0 0.8177083 0.2666666 0.0145833 0.037037
2 0.8208333 0.2574074 0.0208333 0.0407407
2 0.8197916 0.2314814 0.0270833 0.0185185
0 0.7270833 0.2555555 0.0208333 0.0296296
0 0.7520833 0.2388888 0.0208333 0.0259259
0 0.8395833 0.2537037 0.0208333 0.0407407
0 0.8697916 0.2518518 0.01875 0.0296296
1 0.8052083 0.2074074 0.0145833 0.0222222
0 0.5625 0.3074074 0.0583333 0.1111111
0 0.7 0.2796296 0.0291666 0.0333333
2 0.7416666 0.2944444 0.0375 0.0703703
1 0.6145833 0.2851851 0.0583333 0.0814814
0 0.625 0.3296296 0.05 0.0666666
0 0.6552083 0.2759259 0.0270833 0.0333333
0 0.8177083 0.2185185 0.0145833 0.0148148
2 0.8135416 0.1944444 0.01875 0.0259259
2 0.9354166 0.5055555 0.1291666 0.1962962
0 0.009375 0.5296296 0.01875 0.1111111
