0 0.6427083 0.6388888 0.2104166 0.3
0 0.4916666 0.4148148 0.1166666 0.1555555
2 0.4229166 0.3166666 0.0833333 0.1074074
0 0.340625 0.2277777 0.0354166 0.0555555
2 0.3604166 0.2462962 0.0375 0.0703703
0 0.3197916 0.2129629 0.03125 0.0481481
2 0.2208333 0.1796296 0.0166666 0.0333333
2 0.6947916 0.3351851 0.0729166 0.0925925
0 0.3208333 0.1685185 0.0208333 0.0259259
0 0.340625 0.1833333 0.0229166 0.0333333
0 0.2489583 0.2351851 0.03125 0.0481481
0 0.3541666 0.4018518 0.0916666 0.1518518
0 0.4979166 0.2722222 0.0541666 0.0629629
0 0.4177083 0.1944444 0.03125 0.0333333
0 0.384375 0.1814814 0.03125 0.0592592
1 0.475 0.2111111 0.0625 0.074074
