0 0.078125 0.2777777 0.03125 0.0518518
0 0.0104166 0.374074 0.0208333 0.0444444
0 0.8322916 0.3314814 0.08125 0.0851851
0 0.8572916 0.3981481 0.08125 0.0703703
0 0.7229166 0.3314814 0.075 0.0703703
0 0.5645833 0.2259259 0.0416666 0.0444444
0 0.5302083 0.2537037 0.0479166 0.0555555
0 0.4552083 0.1777777 0.01875 0.0222222
0 0.4177083 0.1648148 0.0145833 0.0259259
0 0.4697916 0.5925925 0.1520833 0.2666666
2 0.3895833 0.2259259 0.0791666 0.1259259
0 0.4302083 0.2388888 0.01875 0.0481481
0 0.3135416 0.2092592 0.0270833 0.0407407
0 0.309375 0.1833333 0.01875 0.0333333
0 0.3083333 0.1666666 0.0166666 0.0222222
1 0.28125 0.1574074 0.025 0.0481481
0 0.3291666 0.1666666 0.0166666 0.0222222
0 0.3291666 0.15 0.0125 0.0185185
0 0.365625 0.1592592 0.0145833 0.0222222
