0 0.9083333 0.3796296 0.0833333 0.1074074
0 0.915625 0.4685185 0.1020833 0.1
0 0.9822916 0.5 0.0354166 0.0666666
0 0.6375 0.2629629 0.0541666 0.0592592
0 0.478125 0.187037 0.0229166 0.0259259
0 0.4552083 0.7814814 0.2604166 0.437037
0 0.3833333 0.3703703 0.0791666 0.1185185
0 0.384375 0.2037037 0.0145833 0.037037
2 0.3572916 0.1962962 0.0520833 0.0888888
0 0.309375 0.1925925 0.0229166 0.037037
0 0.3083333 0.1722222 0.0208333 0.0185185
0 0.309375 0.1611111 0.0145833 0.0111111
0 0.3291666 0.1629629 0.0125 0.0222222
1 0.2854166 0.1537037 0.025 0.0407407
0 0.6635416 0.3388888 0.0729166 0.0851851
