0 0.9302083 0.7074074 0.1145833 0.237037
0 0.440625 0.3759259 0.09375 0.0777777
0 0.953125 0.4851851 0.0479166 0.0962962
0 0.9552083 0.3962962 0.0354166 0.0666666
0 0.2677083 0.4314814 0.1270833 0.1
0 0.21875 0.4185185 0.1083333 0.0888888
0 0.3333333 0.4962962 0.1333333 0.1481481
0 0.8822916 0.3277777 0.0270833 0.0407407
0 0.353125 0.3685185 0.10625 0.1
0 0.9083333 0.3055555 0.0166666 0.0259259
0 0.8645833 0.3 0.025 0.0592592
2 0.8208333 0.2814814 0.025 0.0296296
0 0.9375 0.3074074 0.0125 0.0222222
