2 0.8239583 0.8962962 0.2604166 0.2074074
0 0.3458333 0.524074 0.1291666 0.2925925
0 0.359375 0.3148148 0.0604166 0.0888888
0 0.3697916 0.1925925 0.0145833 0.0296296
0 0.3072916 0.1851851 0.0229166 0.0296296
0 0.3083333 0.1685185 0.0166666 0.0185185
1 0.2885416 0.15 0.0229166 0.0407407
0 0.9541666 0.4185185 0.0916666 0.1333333
0 0.8052083 0.4388888 0.09375 0.1148148
0 0.4958333 0.1981481 0.025 0.0259259
0 0.4375 0.174074 0.0208333 0.0296296
2 0.3458333 0.1833333 0.0458333 0.0851851
0 0.8364583 0.7685185 0.23125 0.337037
0 0.6947916 0.2962962 0.0645833 0.0666666
