0 0.3541666 0.087037 0.0083333 0.0111111
0 0.290625 0.1 0.0104166 0.0148148
0 0.23125 0.1925925 0.0291666 0.0444444
0 0.2770833 0.0981481 0.0125 0.0185185
0 0.2739583 0.0907407 0.0104166 0.0111111
0 0.2822916 0.0888888 0.0104166 0.0148148
0 0.3135416 0.0833333 0.0104166 0.0111111
0 0.3041666 0.0833333 0.0083333 0.0111111
0 0.5197916 0.2259259 0.0520833 0.0814814
0 0.346875 0.0796296 0.00625 0.0111111
0 0.4354166 0.2 0.0333333 0.037037
0 0.4458333 0.2351851 0.05 0.0481481
0 0.6677083 0.3685185 0.0895833 0.0851851
