0 0.8260416 0.4129629 0.1020833 0.0851851
0 0.6729166 0.4259259 0.0875 0.0814814
1 0.7479166 0.3296296 0.1333333 0.1259259
0 0.5354166 0.3703703 0.0583333 0.0814814
0 0.5666666 0.4592592 0.0916666 0.1037037
1 0.45 0.3981481 0.1333333 0.1962962
0 0.3635416 0.3925925 0.0479166 0.074074
1 0.3375 0.337037 0.0875 0.1259259
0 0.2666666 0.2925925 0.0291666 0.0296296
0 0.2260416 0.2981481 0.0270833 0.0333333
0 0.1791666 0.3074074 0.0291666 0.037037
0 0.153125 0.3092592 0.0270833 0.0407407
0 0.1145833 0.2944444 0.0291666 0.0333333
0 0.2739583 0.4296296 0.06875 0.0962962
0 0.1739583 0.4166666 0.05625 0.0851851
0 0.084375 0.4574074 0.0729166 0.2259259
2 0.48125 0.2888888 0.0583333 0.0814814
