0 0.6427083 0.6388888 0.2104166 0.3
0 0.4916666 0.4148148 0.1166666 0.1555555
2 0.4229166 0.3166666 0.0833333 0.1074074
0 0.340625 0.2277777 0.0354166 0.0555555
2 0.3604166 0.2462962 0.0375 0.0703703
0 0.3197916 0.2129629 0.03125 0.0481481
2 0.2208333 0.1796296 0.0166666 0.0333333
0 0.2479166 0.2388888 0.0333333 0.0555555
0 0.3625 0.4203703 0.1 0.1666666
0 0.4135416 0.1925925 0.03125 0.037037
0 0.4875 0.2648148 0.0541666 0.0629629
0 0.3208333 0.1685185 0.0208333 0.0259259
0 0.3385416 0.1833333 0.0229166 0.0333333
1 0.4677083 0.2074074 0.0604166 0.074074
2 0.678125 0.324074 0.06875 0.0925925
0 0.990625 0.6018518 0.01875 0.0703703
0 0.3822916 0.1796296 0.03125 0.0629629
