0 0.14375 0.8759259 0.2875 0.2481481
0 0.7552083 0.1703703 0.0229166 0.0296296
0 0.7260416 0.1666666 0.01875 0.037037
2 0.684375 0.1888888 0.04375 0.0888888
0 0.7333333 0.2092592 0.0333333 0.0481481
0 0.6635416 0.2351851 0.0479166 0.0703703
0 0.6416666 0.2703703 0.05 0.0814814
2 0.58125 0.3166666 0.1 0.1666666
0 0.4395833 0.5185185 0.1916666 0.237037
0 0.5260416 0.1944444 0.0354166 0.0481481
0 0.7020833 0.1296296 0.0166666 0.037037
0 0.6822916 0.137037 0.0145833 0.0222222
0 0.7604166 0.1592592 0.0166666 0.0296296
2 0.78125 0.1333333 0.0166666 0.037037
2 0.7385416 0.1481481 0.0145833 0.037037
0 0.7072916 0.1555555 0.01875 0.0296296
0 0.7854166 0.1481481 0.0166666 0.0222222
0 0.7302083 0.1629629 0.01875 0.037037
0 0.7364583 0.1555555 0.0145833 0.0296296
0 0.7104166 0.1518518 0.0208333 0.0296296
0 0.3822916 0.2796296 0.0895833 0.0777777
