0 0.3677083 0.2759259 0.03125 0.0259259
0 0.3260416 0.2833333 0.0395833 0.0407407
1 0.1947916 0.4148148 0.1145833 0.1777777
0 0.2958333 0.3462962 0.0625 0.0259259
1 0.3875 0.5555555 0.35 0.4222222
1 0.14375 0.3722222 0.0625 0.1148148
2 0.7958333 0.5074074 0.3458333 0.3555555
0 0.978125 0.3518518 0.0354166 0.0592592
0 0.3854166 0.3 0.0458333 0.037037
0 0.446875 0.3222222 0.0895833 0.1185185
0 0.4020833 0.3092592 0.0125 0.0259259
0 0.5010416 0.3092592 0.0354166 0.0481481
0 0.6489583 0.3981481 0.10625 0.0777777
0 0.990625 0.5259259 0.01875 0.074074
0 0.7979166 0.4148148 0.1083333 0.0888888
0 0.75 0.2981481 0.0166666 0.0407407
0 0.921875 0.3462962 0.0145833 0.0407407
