0 0.7447916 0.6092592 0.19375 0.1962962
1 0.5135416 0.4351851 0.1854166 0.2407407
0 0.4572916 0.7611111 0.3770833 0.4777777
0 0.3802083 0.3833333 0.0604166 0.0851851
0 0.34375 0.4222222 0.0666666 0.0888888
0 0.2947916 0.4611111 0.0729166 0.1074074
0 0.2375 0.3962962 0.0541666 0.0888888
0 0.184375 0.4462962 0.0645833 0.0925925
0 0.15 0.3481481 0.0375 0.0666666
0 0.1208333 0.2962962 0.0291666 0.037037
0 0.153125 0.2888888 0.0354166 0.0296296
0 0.0677083 0.2888888 0.03125 0.0222222
0 0.2145833 0.2925925 0.025 0.0296296
0 0.2395833 0.2925925 0.025 0.0296296
0 0.2666666 0.2962962 0.0291666 0.037037
0 0.2958333 0.2981481 0.0291666 0.0333333
0 0.371875 0.3111111 0.0395833 0.0444444
1 0.7479166 0.3296296 0.1333333 0.1259259
