0 0.3677083 0.2759259 0.03125 0.0259259
0 0.3260416 0.2833333 0.0395833 0.0407407
1 0.1947916 0.4148148 0.1145833 0.1777777
0 0.2958333 0.3462962 0.0625 0.0259259
1 0.3864583 0.5555555 0.3479166 0.4222222
1 0.14375 0.3722222 0.0625 0.1148148
2 0.78125 0.4981481 0.3416666 0.3444444
0 0.978125 0.3518518 0.0354166 0.0592592
0 0.3854166 0.3 0.0458333 0.037037
0 0.4104166 0.3055555 0.025 0.0333333
0 0.6729166 0.4092592 0.1 0.0851851
0 0.921875 0.35 0.0145833 0.0333333
0 0.75 0.2962962 0.0166666 0.037037
0 0.4635416 0.3259259 0.09375 0.1185185
0 0.8833333 0.424074 0.0791666 0.0703703
