0 0.1645833 0.3759259 0.0458333 0.0629629
0 0.5666666 0.4611111 0.0916666 0.1
1 0.753125 0.3277777 0.1354166 0.1148148
0 0.2375 0.2907407 0.0208333 0.0259259
0 0.2625 0.2759259 0.0166666 0.0185185
0 0.125 0.2981481 0.025 0.0333333
0 0.1458333 0.2851851 0.0208333 0.0222222
2 0.5020833 0.2944444 0.1 0.0851851
1 0.4395833 0.3888888 0.1291666 0.1777777
0 0.3572916 0.3851851 0.0395833 0.0814814
0 0.084375 0.4222222 0.0645833 0.1851851
0 0.2822916 0.274074 0.0145833 0.0222222
1 0.334375 0.3351851 0.0895833 0.1148148
0 0.253125 0.2944444 0.0270833 0.0259259
0 0.1114583 0.2962962 0.0104166 0.0296296
0 0.7708333 0.4648148 0.1166666 0.1148148
0 0.2822916 0.2944444 0.0229166 0.0259259
0 0.246875 0.3907407 0.0520833 0.0703703
0 0.0666666 0.2925925 0.0208333 0.0222222
0 0.0802083 0.2925925 0.01875 0.0222222
0 0.9864583 0.4648148 0.0270833 0.0703703
0 0.4833333 0.3222222 0.0333333 0.0222222
0 0.271875 0.2759259 0.0104166 0.0185185
