0 0.5666666 0.3796296 0.1083333 0.0777777
0 0.4156249 0.3407407 0.0645833 0.0592592
0 0.3072916 0.3611111 0.06875 0.0555555
0 0.4864583 0.3111111 0.0604166 0.0444444
0 0.3552083 0.3185185 0.0520833 0.0444444
0 0.3677083 0.274074 0.03125 0.0296296
0 0.4229166 0.3018518 0.05 0.0407407
1 0.14375 0.3722222 0.0625 0.1148148
0 0.978125 0.3518518 0.0354166 0.0592592
0 0.9739583 0.3685185 0.0270833 0.0407407
0 0.7479166 0.3962962 0.1166666 0.0888888
1 0.203125 0.4166666 0.13125 0.1814814
1 0.5135416 0.6481481 0.5020833 0.5777777
0 0.3854166 0.3018518 0.0416666 0.0407407
0 0.3083333 0.3074074 0.05 0.0814814
