2 0.8875 0.374074 0.0458333 0.1037037
0 0.8447916 0.3092592 0.03125 0.0481481
0 0.8260416 0.2833333 0.03125 0.0407407
0 0.6916666 0.3388888 0.0458333 0.0703703
0 0.70625 0.324074 0.0416666 0.0629629
0 0.7208333 0.3092592 0.0333333 0.0703703
0 0.7614583 0.3 0.0145833 0.0444444
0 0.76875 0.287037 0.0291666 0.0481481
0 0.784375 0.2814814 0.03125 0.0444444
0 0.7916666 0.2777777 0.0291666 0.0444444
2 0.7427083 0.2981481 0.0270833 0.0629629
2 0.8010416 0.2629629 0.0229166 0.0518518
0 0.81875 0.2592592 0.0166666 0.0222222
2 0.8197916 0.2444444 0.0270833 0.0444444
0 0.8395833 0.2555555 0.0208333 0.0296296
0 0.60625 0.2944444 0.0333333 0.0407407
0 0.6708333 0.2703703 0.025 0.037037
0 0.8677083 0.2518518 0.01875 0.0296296
0 0.3364583 0.6148148 0.15625 0.1925925
0 0.30625 0.474074 0.1083333 0.1333333
0 0.084375 0.4814814 0.1270833 0.1111111
0 0.509375 0.3555555 0.05625 0.0666666
2 0.4385416 0.3388888 0.0479166 0.0703703
0 0.7354166 0.2648148 0.0291666 0.0259259
0 0.7385416 0.2518518 0.01875 0.0148148
0 0.7927083 0.2333333 0.0145833 0.0148148
0 0.7791666 0.2444444 0.0208333 0.0222222
0 0.8197916 0.2166666 0.0145833 0.0185185
0 0.5239583 0.3185185 0.0395833 0.0444444
0 0.6947916 0.274074 0.0270833 0.037037
0 0.6791666 0.3037037 0.0375 0.0444444
0 0.3552083 0.3722222 0.0979166 0.174074
0 0.74375 0.2444444 0.0166666 0.0222222
1 0.3125 0.3666666 0.1166666 0.1481481
0 0.759375 0.2629629 0.0229166 0.0296296
0 0.7614583 0.2462962 0.0145833 0.0111111
