0 0.1614583 0.3703703 0.04375 0.0666666
0 0.5666666 0.4611111 0.0916666 0.1
1 0.7583333 0.3296296 0.1375 0.1185185
0 0.2395833 0.2925925 0.025 0.0296296
0 0.2614583 0.2759259 0.01875 0.0185185
0 0.11875 0.3018518 0.025 0.0333333
0 0.1447916 0.2851851 0.0270833 0.0296296
2 0.503125 0.2925925 0.1020833 0.0814814
1 0.4395833 0.3888888 0.1291666 0.1777777
0 0.3572916 0.3851851 0.0395833 0.0814814
0 0.084375 0.4222222 0.0645833 0.1777777
0 0.2822916 0.274074 0.0145833 0.0222222
0 0.5052083 0.3388888 0.0479166 0.0481481
1 0.334375 0.3351851 0.0895833 0.1148148
0 0.2604166 0.2962962 0.0291666 0.0296296
0 0.1020833 0.2944444 0.0166666 0.0259259
0 0.853125 0.4981481 0.13125 0.1296296
0 0.2854166 0.2944444 0.0208333 0.0333333
0 0.2416666 0.3851851 0.0541666 0.074074
