0 0.3197916 0.2129629 0.03125 0.0481481
0 0.3395833 0.2296296 0.0333333 0.0592592
2 0.359375 0.2444444 0.0395833 0.0666666
0 0.49375 0.4129629 0.1166666 0.1518518
0 0.6447916 0.6388888 0.2104166 0.3
0 0.33125 0.174074 0.0208333 0.0296296
0 0.3520833 0.1907407 0.025 0.0333333
0 0.2541666 0.1796296 0.025 0.0259259
1 0.2520833 0.1518518 0.0166666 0.0296296
0 0.2291666 0.1629629 0.025 0.0222222
2 0.278125 0.15 0.01875 0.0259259
0 0.2864583 0.1611111 0.0229166 0.0259259
0 0.3197916 0.1555555 0.0145833 0.0222222
0 0.3354166 0.1611111 0.0166666 0.0259259
0 0.3572916 0.1629629 0.01875 0.0222222
0 0.3729166 0.1611111 0.0166666 0.0185185
0 0.4135416 0.1814814 0.0229166 0.0296296
0 0.3875 0.187037 0.0291666 0.0333333
0 0.4625 0.2222222 0.0416666 0.0444444
0 0.5625 0.3759259 0.1041666 0.1148148
0 0.746875 0.4 0.0645833 0.0962962
2 0.4229166 0.3111111 0.0833333 0.1259259
0 0.3947916 0.2296296 0.04375 0.0518518
0 0.6635416 0.3537037 0.13125 0.2037037
