0 0.6625 0.2333333 0.05 0.0666666
0 0.7322916 0.2 0.03125 0.0444444
0 0.7552083 0.1666666 0.01875 0.0296296
0 0.1395833 0.874074 0.2791666 0.2518518
0 0.440625 0.5185185 0.1895833 0.237037
2 0.5822916 0.3148148 0.1020833 0.1629629
2 0.6854166 0.1888888 0.0416666 0.0888888
0 0.75625 0.1685185 0.0208333 0.0259259
0 0.7260416 0.1666666 0.01875 0.037037
0 0.7625 0.1592592 0.0166666 0.0296296
2 0.7395833 0.1481481 0.0166666 0.0296296
0 0.7833333 0.1481481 0.0125 0.0222222
1 0.7541666 0.1296296 0.0208333 0.0296296
1 0.7833333 0.1277777 0.0166666 0.0259259
0 0.3270833 0.3129629 0.1 0.0851851
0 0.509375 0.2037037 0.0395833 0.0518518
0 0.71875 0.1407407 0.0166666 0.0222222
0 0.7354166 0.1555555 0.0166666 0.0296296
0 0.7291666 0.1388888 0.0125 0.0185185
0 0.7416666 0.1277777 0.0083333 0.0111111
0 0.734375 0.1277777 0.0104166 0.0111111
0 0.7677083 0.1277777 0.0104166 0.0185185
0 0.68125 0.137037 0.0166666 0.0222222
0 0.7072916 0.1555555 0.01875 0.0296296
0 0.7125 0.15 0.0166666 0.0259259
0 0.6979166 0.1333333 0.0166666 0.037037
0 0.6416666 0.2685185 0.05 0.0851851
