0 0.7697916 0.3018518 0.0645833 0.0925925
0 0.7385416 0.3222222 0.06875 0.0592592
0 0.6010416 0.2611111 0.0520833 0.0555555
0 0.5145833 0.2 0.0333333 0.037037
0 0.4677083 0.2074074 0.03125 0.0222222
0 0.540625 0.3222222 0.03125 0.074074
2 0.4666666 0.2981481 0.1416666 0.1888888
0 0.3260416 0.2333333 0.0354166 0.0518518
0 0.315625 0.1944444 0.0270833 0.0333333
0 0.30625 0.1759259 0.0208333 0.0259259
1 0.275 0.1648148 0.0291666 0.0555555
0 0.3270833 0.1703703 0.0166666 0.0222222
0 0.365625 0.1592592 0.0145833 0.0222222
0 0.4395833 0.1722222 0.0166666 0.0185185
0 0.409375 0.1592592 0.0145833 0.0222222
0 0.078125 0.2777777 0.03125 0.0518518
0 0.0104166 0.374074 0.0208333 0.0444444
0 0.3229166 0.1518518 0.0125 0.0148148
