0 0.1541666 0.6333333 0.2583333 0.2666666
0 0.3760416 0.6629629 0.2645833 0.3185185
1 0.7135416 0.4351851 0.1895833 0.4259259
0 0.046875 0.2907407 0.09375 0.137037
0 0.0729166 0.3092592 0.1 0.1148148
0 0.6989583 0.2648148 0.04375 0.0555555
0 0.5989583 0.2833333 0.0770833 0.0777777
0 0.4322916 0.1907407 0.05625 0.0481481
0 0.5197916 0.1833333 0.0479166 0.0481481
0 0.5541666 0.1907407 0.0416666 0.0481481
0 0.6885416 0.1962962 0.03125 0.037037
0 0.7364583 0.1981481 0.0270833 0.0333333
0 0.7635416 0.2166666 0.0270833 0.0333333
0 0.79375 0.2166666 0.025 0.0333333
1 0.80625 0.1925925 0.025 0.0518518
0 0.7760416 0.1925925 0.01875 0.0296296
0 0.7854166 0.1796296 0.0125 0.0185185
0 0.5947916 0.1518518 0.0229166 0.0222222
2 0.6677083 0.1574074 0.01875 0.0259259
0 0.6395833 0.1481481 0.0208333 0.0222222
0 0.6833333 0.1592592 0.0166666 0.0222222
0 0.4375 0.1425925 0.0166666 0.0407407
0 0.45625 0.1407407 0.0166666 0.0296296
0 0.44375 0.1166666 0.0083333 0.0185185
0 0.4666666 0.124074 0.025 0.0259259
