2 0.8895833 0.3574074 0.0416666 0.0925925
0 0.8552083 0.2962962 0.03125 0.0444444
0 0.8354166 0.2777777 0.0291666 0.037037
0 0.690625 0.3388888 0.0479166 0.0703703
0 0.70625 0.324074 0.0416666 0.0629629
0 0.7208333 0.3092592 0.0333333 0.0703703
0 0.7614583 0.2981481 0.0145833 0.0407407
0 0.76875 0.2907407 0.0291666 0.0481481
0 0.784375 0.2814814 0.03125 0.0444444
0 0.7916666 0.2777777 0.0291666 0.0444444
2 0.7447916 0.2944444 0.0229166 0.0629629
2 0.8010416 0.2629629 0.0229166 0.0518518
2 0.81875 0.2425925 0.0291666 0.0407407
0 0.840625 0.2537037 0.0229166 0.0333333
0 0.5708333 0.3037037 0.0375 0.0444444
0 0.8677083 0.2518518 0.01875 0.0296296
0 0.2260416 0.5833333 0.1104166 0.1888888
0 0.4260416 0.387037 0.0729166 0.0777777
2 0.35 0.3629629 0.0583333 0.0814814
0 0.7114583 0.2796296 0.0354166 0.0407407
0 0.7614583 0.2537037 0.01875 0.0259259
0 0.8291666 0.2111111 0.0125 0.0148148
0 0.6614583 0.2888888 0.03125 0.037037
0 0.6197916 0.3314814 0.0520833 0.0555555
0 0.7802083 0.2425925 0.01875 0.0259259
0 0.246875 0.4092592 0.1270833 0.2037037
0 0.4583333 0.3388888 0.0458333 0.0555555
0 0.8177083 0.2666666 0.0145833 0.037037
0 0.7416666 0.2537037 0.0208333 0.0259259
0 0.6625 0.8037037 0.3375 0.3111111
1 0.1322916 0.4222222 0.1604166 0.2
0 0.7135416 0.2555555 0.01875 0.0148148
0 0.73125 0.2722222 0.0166666 0.0333333
0 0.64375 0.2777777 0.0208333 0.037037
