0 0.3625 0.6166666 0.15 0.2111111
0 0.7708333 0.3981481 0.0583333 0.0851851
0 0.2895833 0.4888888 0.1083333 0.1481481
0 0.7645833 0.3425925 0.05 0.0629629
0 0.3739583 0.3814814 0.08125 0.074074
0 0.5479166 0.3666666 0.0666666 0.074074
0 0.690625 0.3388888 0.04375 0.0703703
0 0.70625 0.324074 0.0416666 0.0629629
0 0.7208333 0.3074074 0.0333333 0.074074
0 0.7625 0.2944444 0.0166666 0.0407407
0 0.7697916 0.2925925 0.03125 0.0444444
0 0.7864583 0.2814814 0.0354166 0.0518518
2 0.8 0.2611111 0.025 0.0555555
2 0.7802083 0.2462962 0.0270833 0.0333333
0 0.759375 0.2629629 0.0229166 0.0296296
0 0.7010416 0.2629629 0.0229166 0.0296296
0 0.8177083 0.2666666 0.0145833 0.037037
2 0.821875 0.2574074 0.0229166 0.0407407
0 0.73125 0.2555555 0.0208333 0.0296296
0 0.7520833 0.237037 0.0208333 0.0222222
0 0.8395833 0.2537037 0.0208333 0.0407407
0 0.8697916 0.2518518 0.01875 0.0296296
0 0.8125 0.2185185 0.0166666 0.0148148
0 0.81875 0.2166666 0.0166666 0.0185185
0 0.828125 0.2129629 0.0104166 0.0185185
0 0.5739583 0.3037037 0.0520833 0.1111111
0 0.7052083 0.2796296 0.0270833 0.0333333
2 0.7416666 0.2944444 0.0375 0.0703703
2 0.9583333 0.5129629 0.0833333 0.174074
0 0.053125 0.4944444 0.10625 0.137037
1 0.6270833 0.2814814 0.0541666 0.0814814
0 0.6354166 0.324074 0.05 0.0629629
0 0.6635416 0.2759259 0.0229166 0.0333333
