0 0.4447916 0.1425925 0.04375 0.0407407
0 0.459375 0.1222222 0.0395833 0.0296296
1 0.7395833 0.3407407 0.1375 0.2518518
0 0.496875 0.1537037 0.0479166 0.0629629
0 0.3979166 0.9148148 0.3083333 0.1703703
0 0.4239583 0.6037037 0.2270833 0.2592592
0 0.0083333 0.6277777 0.0166666 0.0925925
0 0.0822916 0.3703703 0.1270833 0.1185185
0 0.5791666 0.3074074 0.0875 0.0888888
0 0.5697916 0.2425925 0.0645833 0.0555555
0 0.7927083 0.2314814 0.0229166 0.0333333
0 0.8010416 0.2222222 0.01875 0.037037
0 0.8041666 0.2037037 0.0166666 0.0296296
0 0.7833333 0.1925925 0.0166666 0.0222222
0 0.8104166 0.1944444 0.0125 0.0259259
0 0.6947916 0.1925925 0.0270833 0.0296296
0 0.74375 0.1796296 0.0166666 0.0185185
0 0.596875 0.1648148 0.03125 0.0259259
0 0.634375 0.1666666 0.03125 0.037037
0 0.5947916 0.1518518 0.0229166 0.0222222
0 0.640625 0.15 0.01875 0.0259259
0 0.665625 0.1592592 0.0229166 0.0222222
0 0.7 0.1592592 0.0166666 0.0148148
0 0.7322916 0.1629629 0.0145833 0.0222222
0 0.6802083 0.1518518 0.0104166 0.0148148
