1 0.1947916 0.4148148 0.1145833 0.1777777
1 0.14375 0.3722222 0.0625 0.1148148
0 0.978125 0.3518518 0.0354166 0.0592592
0 0.4864583 0.3092592 0.0604166 0.0407407
0 0.9739583 0.3685185 0.0270833 0.0407407
0 0.3 0.3481481 0.0625 0.0296296
0 0.425 0.3 0.0541666 0.0444444
0 0.3458333 0.3111111 0.0625 0.0888888
0 0.36875 0.2759259 0.0291666 0.0259259
0 0.3885416 0.3018518 0.0354166 0.0407407
0 0.453125 0.3314814 0.06875 0.0481481
0 0.4770833 0.3537037 0.075 0.0629629
0 0.68125 0.4092592 0.1291666 0.0925925
0 0.325 0.2851851 0.0333333 0.0444444
0 0.9708333 0.4796296 0.0583333 0.0555555
2 0.928125 0.5648148 0.14375 0.3444444
1 0.4375 0.5944444 0.4083333 0.4851851
