0 0.4864583 0.3111111 0.0604166 0.0444444
0 0.3854166 0.3 0.0458333 0.037037
0 0.3677083 0.274074 0.03125 0.0296296
0 0.4229166 0.3018518 0.05 0.0407407
1 0.1520833 0.3814814 0.0791666 0.1333333
0 0.978125 0.3518518 0.0354166 0.0592592
0 0.9739583 0.3685185 0.0270833 0.0407407
0 0.3270833 0.2814814 0.0375 0.037037
1 0.2208333 0.4296296 0.1416666 0.2
0 0.8739583 0.4759259 0.1354166 0.1074074
0 0.49375 0.3611111 0.0916666 0.0703703
0 0.5666666 0.35 0.0875 0.0703703
0 0.3645833 0.3351851 0.0541666 0.0481481
0 0.3208333 0.374074 0.0833333 0.0814814
0 0.321875 0.4407407 0.0645833 0.1111111
0 0.3052083 0.3148148 0.01875 0.037037
0 0.278125 0.3092592 0.04375 0.0703703
1 0.6427083 0.6888888 0.6520833 0.6222222
