0 0.3260416 0.2833333 0.0395833 0.0407407
1 0.1947916 0.4148148 0.1145833 0.1777777
0 0.2958333 0.3462962 0.0625 0.0259259
1 0.3958333 0.5611111 0.3625 0.4333333
1 0.14375 0.3722222 0.0625 0.1148148
0 0.978125 0.3518518 0.0354166 0.0592592
0 0.4854166 0.3111111 0.0625 0.0444444
0 0.9739583 0.3685185 0.0270833 0.0407407
0 0.565625 0.374074 0.09375 0.074074
0 0.6395833 0.3703703 0.075 0.074074
0 0.4395833 0.2981481 0.025 0.0407407
0 0.3989583 0.3166666 0.0770833 0.1074074
0 0.3677083 0.274074 0.03125 0.0296296
0 0.8697916 0.474074 0.1020833 0.0888888
2 0.8458333 0.5388888 0.3083333 0.3888888
