1 0.1895833 0.3259259 0.3791666 0.3555555
2 0.8583333 0.0759259 0.0375 0.0481481
0 0.8333333 0.0759259 0.0333333 0.0481481
0 0.8114583 0.0555555 0.0229166 0.0444444
0 0.7979166 0.0333333 0.0291666 0.037037
0 0.0802083 0.2055555 0.04375 0.0407407
0 0.7447916 0.1314814 0.1395833 0.1666666
2 0.878125 0.15 0.0729166 0.0925925
1 0.159375 0.1574074 0.10625 0.0925925
0 0.98125 0.2314814 0.0375 0.0703703
0 0.5885416 0.0611111 0.05625 0.0407407
0 0.6708333 0.0481481 0.0291666 0.0444444
2 0.5020833 0.1833333 0.3125 0.2259259
