0 0.9291666 0.7074074 0.1125 0.237037
0 0.9197916 0.3277777 0.01875 0.0333333
0 0.440625 0.3759259 0.09375 0.0777777
0 0.953125 0.4851851 0.0479166 0.0962962
0 0.9020833 0.3574074 0.0291666 0.0481481
0 0.9552083 0.3962962 0.0354166 0.0666666
0 0.825 0.3759259 0.05 0.0629629
0 0.2677083 0.4314814 0.1270833 0.1
0 0.2197916 0.4166666 0.10625 0.0851851
0 0.4052083 0.3518518 0.0979166 0.0962962
0 0.35625 0.487037 0.1291666 0.1444444
0 0.78125 0.3333333 0.0541666 0.1037037
0 0.1489583 0.8555555 0.2979166 0.2888888
