0 0.709375 0.5592592 0.0770833 0.1259259
0 0.725 0.4351851 0.0625 0.0851851
0 0.6020833 0.3462962 0.0708333 0.0629629
0 0.4875 0.3481481 0.0625 0.1111111
1 0.26875 0.5148148 0.2708333 0.3259259
1 0.1395833 0.4166666 0.1333333 0.1518518
0 0.9489583 0.3296296 0.05625 0.0592592
0 0.4604166 0.8537037 0.1916666 0.2925925
0 0.5614583 0.6333333 0.1104166 0.1777777
0 0.034375 0.3814814 0.0520833 0.0444444
0 0.590625 0.5092592 0.0729166 0.1148148
0 0.0770833 0.3592592 0.0541666 0.0592592
0 0.16875 0.3425925 0.0666666 0.0333333
0 0.2885416 0.274074 0.0270833 0.037037
0 0.2885416 0.2722222 0.03125 0.0481481
