0 0.9302083 0.7074074 0.1145833 0.237037
0 0.9291666 0.3185185 0.0208333 0.0296296
0 0.440625 0.3759259 0.09375 0.0777777
0 0.953125 0.4851851 0.0479166 0.0962962
0 0.9166666 0.337037 0.025 0.0444444
0 0.9552083 0.3962962 0.0354166 0.0666666
0 0.8604166 0.3462962 0.0333333 0.0481481
0 0.2677083 0.4314814 0.1270833 0.1
0 0.21875 0.4185185 0.1083333 0.0888888
0 0.39375 0.3555555 0.1 0.0962962
0 0.334375 0.4962962 0.1354166 0.1481481
0 0.8114583 0.3222222 0.04375 0.0888888
0 0.6364583 0.5185185 0.1520833 0.1555555
2 0.871875 0.274074 0.0145833 0.0222222
