0 0.64375 0.6407407 0.2125 0.3037037
0 0.4916666 0.4111111 0.1166666 0.1481481
0 0.4364583 0.2037037 0.0354166 0.037037
2 0.359375 0.2444444 0.0395833 0.074074
0 0.3385416 0.2296296 0.03125 0.0592592
0 0.321875 0.2129629 0.0354166 0.0481481
0 0.3260416 0.1722222 0.0229166 0.0259259
0 0.3541666 0.1629629 0.0208333 0.0222222
0 0.253125 0.1611111 0.0270833 0.0259259
1 0.25 0.1481481 0.0166666 0.0296296
2 0.2229166 0.174074 0.0166666 0.037037
0 0.3927083 0.1851851 0.0354166 0.0666666
0 0.5489583 0.3092592 0.0729166 0.0777777
1 0.5072916 0.2277777 0.0770833 0.0925925
0 0.328125 0.337037 0.06875 0.1111111
0 0.3489583 0.1888888 0.0270833 0.037037
2 0.7739583 0.3851851 0.0854166 0.1111111
0 0.2489583 0.224074 0.0270833 0.0481481
2 0.4229166 0.3092592 0.0833333 0.1222222
