2 0.8854166 0.3777777 0.05 0.1037037
0 0.8416666 0.3129629 0.0333333 0.0481481
0 0.821875 0.287037 0.03125 0.0407407
0 0.6916666 0.3388888 0.0458333 0.0703703
0 0.70625 0.324074 0.0416666 0.0629629
0 0.7208333 0.3092592 0.0333333 0.0703703
0 0.7614583 0.3 0.0145833 0.0444444
0 0.76875 0.287037 0.0291666 0.0481481
0 0.784375 0.2814814 0.03125 0.0444444
0 0.7916666 0.2777777 0.0291666 0.0444444
2 0.7427083 0.2981481 0.0270833 0.0629629
2 0.8010416 0.2629629 0.0229166 0.0518518
0 0.81875 0.2592592 0.0166666 0.0222222
2 0.8197916 0.2444444 0.0270833 0.0444444
0 0.8395833 0.2555555 0.0208333 0.0296296
0 0.615625 0.2925925 0.03125 0.037037
0 0.6739583 0.2703703 0.0270833 0.037037
0 0.86875 0.25 0.0208333 0.0333333
0 0.3 0.5777777 0.1208333 0.1703703
0 0.3447916 0.4537037 0.1020833 0.1222222
0 0.159375 0.4555555 0.1104166 0.1037037
0 0.5291666 0.3462962 0.0541666 0.0629629
2 0.4604166 0.3351851 0.0458333 0.0703703
0 0.3802083 0.3611111 0.09375 0.1518518
0 0.740625 0.2648148 0.0270833 0.0259259
0 0.746875 0.2611111 0.01875 0.0259259
0 0.765625 0.2555555 0.01875 0.037037
0 0.7947916 0.2333333 0.0145833 0.0148148
0 0.78125 0.2444444 0.0166666 0.0222222
0 0.821875 0.2166666 0.0145833 0.0185185
1 0.3510416 0.35 0.10625 0.137037
0 0.5385416 0.3111111 0.0354166 0.037037
0 0.6916666 0.2944444 0.0333333 0.0333333
0 0.703125 0.2685185 0.0270833 0.0259259
