0 0.603125 0.7074074 0.20625 0.3407407
0 0.4541666 0.5444444 0.2041666 0.237037
0 0.784375 0.2796296 0.04375 0.0629629
0 0.7989583 0.237037 0.03125 0.0444444
0 0.8052083 0.2148148 0.01875 0.037037
2 0.778125 0.1907407 0.0354166 0.0629629
2 0.759375 0.1796296 0.0270833 0.0407407
0 0.7114583 0.2611111 0.0479166 0.0629629
0 0.7197916 0.1851851 0.0270833 0.037037
0 0.6854166 0.1962962 0.0333333 0.037037
0 0.6989583 0.1648148 0.01875 0.0259259
0 0.6322916 0.1462962 0.0270833 0.0407407
0 0.5947916 0.1518518 0.0270833 0.0222222
0 0.5677083 0.1666666 0.0395833 0.037037
0 0.459375 0.124074 0.0395833 0.0333333
0 0.4447916 0.1425925 0.04375 0.0407407
