2 0.884375 0.3851851 0.0520833 0.1111111
0 0.840625 0.3148148 0.0354166 0.0518518
0 0.8208333 0.287037 0.0333333 0.0407407
0 0.6916666 0.3388888 0.0458333 0.0703703
0 0.7041666 0.3203703 0.0458333 0.0703703
0 0.7177083 0.3074074 0.0395833 0.0666666
0 0.7614583 0.3 0.0145833 0.0444444
0 0.76875 0.2888888 0.0291666 0.0518518
0 0.784375 0.2814814 0.03125 0.0444444
0 0.7916666 0.274074 0.0291666 0.0444444
2 0.7427083 0.2981481 0.0270833 0.0629629
2 0.8010416 0.2555555 0.0229166 0.037037
0 0.81875 0.2592592 0.0166666 0.0222222
2 0.8197916 0.2462962 0.0270833 0.0481481
0 0.8395833 0.2555555 0.0208333 0.0296296
0 0.61875 0.2907407 0.0291666 0.0407407
0 0.6770833 0.2703703 0.025 0.037037
0 0.86875 0.2518518 0.0208333 0.0296296
0 0.2895833 0.5574074 0.1125 0.1518518
0 0.3645833 0.4425925 0.1 0.1148148
0 0.19375 0.4425925 0.1083333 0.0925925
0 0.5385416 0.3444444 0.0520833 0.0592592
2 0.4708333 0.3296296 0.0458333 0.0666666
0 0.390625 0.3574074 0.0895833 0.1444444
0 0.709375 0.2666666 0.0270833 0.0222222
0 0.7427083 0.2629629 0.0270833 0.0296296
0 0.7489583 0.2574074 0.01875 0.0259259
0 0.76875 0.2537037 0.0208333 0.0259259
0 0.7989583 0.2333333 0.0145833 0.0148148
0 0.7833333 0.2444444 0.0166666 0.0222222
0 0.8229166 0.2166666 0.0125 0.0185185
1 0.36875 0.3444444 0.1041666 0.1259259
0 0.5458333 0.3074074 0.0333333 0.0296296
