0 0.1208333 0.3814814 0.075 0.0592592
0 0.1541666 0.3703703 0.0541666 0.0444444
0 0.1677083 0.35 0.06875 0.0481481
0 0.0822916 0.3611111 0.0604166 0.0555555
0 0.0322916 0.3777777 0.0479166 0.0518518
0 0.696875 0.4722222 0.0604166 0.0925925
0 0.5645833 0.3685185 0.075 0.0629629
0 0.4510416 0.4111111 0.06875 0.0888888
0 0.3395833 0.4574074 0.1125 0.2037037
0 0.2447916 0.3092592 0.0395833 0.0481481
0 0.9489583 0.3296296 0.05625 0.0592592
0 0.5614583 0.6333333 0.1104166 0.1777777
0 0.5916666 0.5111111 0.0708333 0.1111111
0 0.4604166 0.8537037 0.1916666 0.2925925
