0 0.3552083 0.0814814 0.00625 0.0074074
0 0.2447916 0.1148148 0.01875 0.0222222
0 0.3010416 0.0925925 0.0104166 0.0148148
0 0.2958333 0.087037 0.0083333 0.0111111
0 0.3489583 0.0833333 0.00625 0.0111111
0 0.2729166 0.0907407 0.0125 0.0111111
0 0.3791666 0.137037 0.0166666 0.0222222
0 0.2822916 0.0888888 0.0104166 0.0074074
0 0.8177083 0.4962962 0.1145833 0.1111111
0 0.3604166 0.1444444 0.0166666 0.0222222
0 0.4177083 0.1833333 0.03125 0.0407407
0 0.4541666 0.1796296 0.0333333 0.0629629
0 0.55 0.924074 0.2416666 0.1518518
0 0.38125 0.1425925 0.0166666 0.0259259
