0 0.9302083 0.7074074 0.1145833 0.237037
0 0.9322916 0.3129629 0.0145833 0.0259259
0 0.440625 0.3759259 0.09375 0.0777777
0 0.953125 0.4851851 0.0479166 0.0962962
0 0.9552083 0.3962962 0.0354166 0.0666666
0 0.8916666 0.3203703 0.025 0.0333333
0 0.2677083 0.4314814 0.1270833 0.1
0 0.21875 0.4185185 0.1083333 0.0888888
0 0.3333333 0.4962962 0.1333333 0.1481481
0 0.8416666 0.3092592 0.0333333 0.0703703
0 0.9260416 0.3203703 0.01875 0.0259259
0 0.825 0.3722222 0.05 0.0629629
2 0.8520833 0.2759259 0.0166666 0.0259259
0 0.3739583 0.3611111 0.1020833 0.1
