0 0.8208333 0.374074 0.0791666 0.0666666
0 0.68125 0.3074074 0.0666666 0.0666666
0 0.5479166 0.2185185 0.0375 0.0444444
0 0.5083333 0.2407407 0.0416666 0.0518518
0 0.45 0.1759259 0.0166666 0.0185185
0 0.4156249 0.1629629 0.0145833 0.0222222
2 0.40625 0.2444444 0.0916666 0.1333333
0 0.453125 0.2592592 0.0229166 0.0518518
0 0.3166666 0.2148148 0.0291666 0.0444444
0 0.3104166 0.187037 0.0208333 0.0333333
0 0.30625 0.1703703 0.0166666 0.0222222
0 0.3291666 0.1666666 0.0166666 0.0222222
1 0.2791666 0.1611111 0.025 0.0481481
0 0.5239583 0.7259259 0.2020833 0.3703703
0 0.8114583 0.3166666 0.0770833 0.0925925
