0 0.1208333 0.3814814 0.075 0.0592592
0 0.1541666 0.3703703 0.0541666 0.0444444
0 0.1677083 0.35 0.06875 0.0481481
0 0.0822916 0.3611111 0.0604166 0.0555555
0 0.0322916 0.3777777 0.0479166 0.0518518
0 0.6958333 0.4777777 0.0583333 0.0962962
0 0.5770833 0.3648148 0.0791666 0.0703703
0 0.4552083 0.4111111 0.0729166 0.0888888
0 0.35 0.4518518 0.1083333 0.2
0 0.9489583 0.3296296 0.05625 0.0592592
0 0.4604166 0.8537037 0.1916666 0.2925925
0 0.5625 0.6333333 0.1125 0.1777777
0 0.5916666 0.5111111 0.0708333 0.1111111
0 0.24375 0.3092592 0.0416666 0.0481481
