0 0.078125 0.2777777 0.03125 0.0518518
0 0.0104166 0.374074 0.0208333 0.0444444
0 0.5916666 0.2407407 0.0458333 0.0518518
0 0.915625 0.4444444 0.0854166 0.0814814
0 0.8635416 0.3555555 0.0770833 0.1111111
0 0.7958333 0.3777777 0.0875 0.0814814
0 0.421875 0.4648148 0.1104166 0.174074
2 0.3739583 0.2074074 0.0645833 0.1111111
0 0.4052083 0.2203703 0.01875 0.0407407
0 0.3104166 0.2018518 0.025 0.0407407
0 0.3072916 0.1796296 0.0229166 0.0259259
0 0.3083333 0.1629629 0.0166666 0.0148148
0 0.3302083 0.1629629 0.0145833 0.0222222
1 0.2833333 0.1555555 0.025 0.0444444
0 0.4635416 0.1851851 0.01875 0.0222222
0 0.4208333 0.1666666 0.0166666 0.0222222
0 0.5739583 0.2814814 0.0520833 0.0666666
