2 0.8895833 0.3611111 0.0416666 0.1
0 0.853125 0.3018518 0.03125 0.0481481
0 0.8322916 0.2796296 0.03125 0.0407407
0 0.690625 0.3388888 0.0479166 0.0703703
0 0.70625 0.324074 0.0416666 0.0629629
0 0.7208333 0.3092592 0.0333333 0.0703703
0 0.7614583 0.2981481 0.0145833 0.0407407
0 0.76875 0.2907407 0.0291666 0.0481481
0 0.784375 0.2814814 0.03125 0.0444444
0 0.7916666 0.2777777 0.0291666 0.0444444
2 0.7447916 0.2944444 0.0229166 0.0629629
2 0.8010416 0.2629629 0.0229166 0.0518518
2 0.8197916 0.2444444 0.0270833 0.0444444
0 0.8395833 0.2537037 0.0208333 0.0333333
0 0.5802083 0.3018518 0.0354166 0.0407407
0 0.6489583 0.2759259 0.0270833 0.0407407
0 0.8677083 0.2518518 0.01875 0.0296296
0 0.5322916 0.7388888 0.2729166 0.2629629
0 0.2385416 0.5462962 0.10625 0.1666666
0 0.4520833 0.3777777 0.0666666 0.074074
2 0.3770833 0.3574074 0.0541666 0.0777777
0 0.7166666 0.2666666 0.025 0.0222222
0 0.7666666 0.2518518 0.0208333 0.0222222
0 0.8291666 0.2092592 0.0125 0.0185185
0 0.671875 0.2833333 0.03125 0.0333333
0 0.6385416 0.3185185 0.04375 0.0444444
0 0.7447916 0.2611111 0.0229166 0.0185185
0 0.7822916 0.2407407 0.01875 0.0222222
0 0.28125 0.3944444 0.1166666 0.1888888
0 0.4791666 0.3314814 0.0458333 0.0555555
0 0.8177083 0.2666666 0.0145833 0.037037
1 0.2114583 0.3981481 0.1854166 0.1888888
0 0.7239583 0.2629629 0.0229166 0.0296296
0 0.7510416 0.2555555 0.0229166 0.0296296
0 0.7385416 0.2481481 0.01875 0.0222222
