0 0.6583333 0.8666666 0.2416666 0.2666666
0 0.121875 0.7148148 0.1270833 0.2296296
0 0.084375 0.4148148 0.0604166 0.1777777
0 0.1375 0.3296296 0.0333333 0.0444444
0 0.1947916 0.3351851 0.0354166 0.0481481
0 0.5666666 0.4611111 0.0916666 0.1074074
1 0.4395833 0.3907407 0.1291666 0.1814814
0 0.3583333 0.3851851 0.0416666 0.0814814
1 0.3020833 0.3222222 0.075 0.1037037
0 0.8552083 0.4574074 0.1145833 0.0851851
1 0.8916666 0.3629629 0.1625 0.1555555
0 0.3583333 0.3018518 0.0333333 0.0333333
0 0.2479166 0.2925925 0.025 0.0296296
0 0.0864583 0.2888888 0.0270833 0.0222222
0 0.06875 0.2925925 0.0208333 0.0296296
2 0.5052083 0.2944444 0.10625 0.0925925
