0 0.4427083 0.1425925 0.0395833 0.0407407
0 0.459375 0.1203703 0.0395833 0.0259259
1 0.7604166 0.2907407 0.1 0.1888888
0 0.4729166 0.1574074 0.0458333 0.0629629
0 0.0697916 0.7481481 0.1395833 0.2518518
0 0.5583333 0.7333333 0.2333333 0.3555555
0 0.5635416 0.437037 0.1354166 0.1555555
0 0.2864583 0.4018518 0.1604166 0.137037
0 0.6489583 0.2574074 0.0604166 0.0629629
0 0.6322916 0.2129629 0.04375 0.0481481
0 0.7135416 0.1851851 0.0229166 0.0296296
0 0.8020833 0.2203703 0.0166666 0.0259259
0 0.803125 0.2129629 0.01875 0.0259259
0 0.80625 0.2 0.0166666 0.0222222
0 0.7885416 0.1888888 0.0145833 0.0222222
0 0.565625 0.1685185 0.0354166 0.0333333
0 0.603125 0.1685185 0.0395833 0.0407407
0 0.6489583 0.1592592 0.0229166 0.0296296
0 0.6916666 0.1611111 0.0166666 0.0185185
0 0.640625 0.1481481 0.01875 0.0222222
0 0.66875 0.15 0.0166666 0.0185185
0 0.6791666 0.15 0.0125 0.0185185
0 0.725 0.1611111 0.0166666 0.0185185
