0 0.3197916 0.2129629 0.03125 0.0481481
0 0.3395833 0.2296296 0.0333333 0.0592592
2 0.359375 0.2444444 0.0395833 0.0666666
2 0.4229166 0.3055555 0.0833333 0.137037
0 0.49375 0.4129629 0.1166666 0.1518518
0 0.6447916 0.6388888 0.2104166 0.3
0 0.321875 0.1703703 0.0229166 0.0222222
0 0.3416666 0.1833333 0.025 0.0333333
0 0.3885416 0.224074 0.0395833 0.0481481
0 0.2604166 0.1851851 0.025 0.0296296
1 0.2520833 0.1481481 0.0166666 0.0296296
0 0.2645833 0.1592592 0.025 0.0222222
0 0.315625 0.1537037 0.0145833 0.0185185
0 0.328125 0.1555555 0.0145833 0.0148148
0 0.3489583 0.1592592 0.01875 0.0222222
0 0.3645833 0.1592592 0.0166666 0.0222222
0 0.4 0.174074 0.0208333 0.0296296
0 0.3666666 0.1759259 0.025 0.0259259
0 0.4229166 0.1981481 0.0333333 0.0333333
0 0.4989583 0.3166666 0.0729166 0.0925925
0 0.228125 0.174074 0.0229166 0.0222222
0 0.5791666 0.2962962 0.0958333 0.1555555
