0 0.9 0.6222222 0.1541666 0.1777777
0 0.64375 0.6388888 0.2125 0.3
0 0.4916666 0.4111111 0.1166666 0.1481481
1 0.6604166 0.3185185 0.1375 0.1629629
0 0.5072916 0.2481481 0.0520833 0.0518518
2 0.359375 0.2425925 0.0395833 0.0703703
0 0.375 0.2092592 0.0333333 0.0481481
0 0.4208333 0.1981481 0.0416666 0.0777777
0 0.3395833 0.2259259 0.0333333 0.0592592
0 0.3197916 0.2129629 0.03125 0.0481481
0 0.3395833 0.1814814 0.025 0.0296296
0 0.3770833 0.1759259 0.025 0.0259259
0 0.2927083 0.25 0.0395833 0.0629629
0 0.2489583 0.2018518 0.0229166 0.0333333
0 0.240625 0.1629629 0.0270833 0.0222222
0 0.2916666 0.1629629 0.025 0.0222222
1 0.2510416 0.15 0.0145833 0.0259259
2 0.4229166 0.3092592 0.0833333 0.1222222
