0 0.4052083 0.4444444 0.0770833 0.0962962
0 0.4895833 0.4 0.075 0.074074
0 0.71875 0.45 0.0708333 0.0851851
0 0.253125 0.2962962 0.0354166 0.0444444
0 0.290625 0.2759259 0.0229166 0.0407407
0 0.590625 0.5148148 0.0729166 0.1111111
0 0.5625 0.6333333 0.1125 0.1703703
0 0.4604166 0.8555555 0.1958333 0.2888888
0 0.1208333 0.3833333 0.0708333 0.0555555
0 0.1520833 0.3685185 0.0583333 0.0481481
0 0.16875 0.3537037 0.0708333 0.0555555
0 0.0854166 0.3592592 0.0625 0.0518518
0 0.95 0.3277777 0.0541666 0.0481481
0 0.0333333 0.3796296 0.0458333 0.0407407
