0 0.121875 0.3833333 0.0729166 0.0555555
0 0.1541666 0.3703703 0.0541666 0.0444444
0 0.1677083 0.35 0.06875 0.0481481
0 0.0854166 0.3611111 0.0583333 0.0555555
0 0.0322916 0.3777777 0.0479166 0.0518518
0 0.7020833 0.5851851 0.0791666 0.1407407
0 0.5010416 0.3796296 0.0729166 0.0777777
0 0.425 0.4018518 0.0708333 0.1444444
0 0.2125 0.3222222 0.0541666 0.0518518
1 0.0822916 0.6537037 0.1645833 0.5
0 0.9489583 0.3296296 0.05625 0.0592592
0 0.746875 0.3351851 0.06875 0.0555555
0 0.4604166 0.8537037 0.1916666 0.2925925
0 0.5614583 0.6333333 0.1104166 0.1777777
0 0.5916666 0.5111111 0.0708333 0.1111111
0 0.8114583 0.4203703 0.0770833 0.0777777
0 0.2895833 0.2722222 0.025 0.0407407
