0 0.9302083 0.7074074 0.1145833 0.237037
0 0.9364583 0.3055555 0.0145833 0.0259259
0 0.440625 0.3759259 0.09375 0.0777777
0 0.953125 0.4851851 0.0479166 0.0962962
0 0.9552083 0.3962962 0.0354166 0.0666666
0 0.9 0.3148148 0.0208333 0.0296296
0 0.2677083 0.4314814 0.1270833 0.1
0 0.21875 0.4185185 0.1083333 0.0888888
0 0.3333333 0.4962962 0.1333333 0.1481481
0 0.85 0.3037037 0.0333333 0.0592592
0 0.93125 0.3129629 0.0166666 0.0259259
0 0.8510416 0.3537037 0.0395833 0.0555555
0 0.3635416 0.3629629 0.1020833 0.1037037
2 0.8447916 0.2759259 0.0270833 0.0185185
