0 0.6427083 0.637037 0.2104166 0.2962962
1 0.9260416 0.5555555 0.1479166 0.2962962
0 0.6333333 0.3296296 0.0875 0.0814814
0 0.4916666 0.4092592 0.1166666 0.1444444
2 0.4229166 0.3092592 0.0833333 0.1222222
0 0.45625 0.2185185 0.0541666 0.0962962
0 0.40625 0.2296296 0.0416666 0.0444444
0 0.4125 0.1925925 0.0291666 0.037037
2 0.359375 0.2444444 0.0395833 0.074074
0 0.3385416 0.2277777 0.03125 0.0629629
0 0.3572916 0.1944444 0.0270833 0.0333333
0 0.3197916 0.2129629 0.03125 0.0481481
0 0.278125 0.2148148 0.03125 0.0444444
0 0.2479166 0.187037 0.0208333 0.0333333
0 0.2760416 0.1611111 0.0229166 0.0259259
0 0.3166666 0.1666666 0.0208333 0.0222222
0 0.3645833 0.1666666 0.0208333 0.0222222
0 0.3375 0.1574074 0.0166666 0.0259259
1 0.2510416 0.15 0.0145833 0.0333333
