0 0.784375 0.3796296 0.05625 0.0777777
0 0.2604166 0.5388888 0.1041666 0.1666666
0 0.775 0.3296296 0.0458333 0.0592592
0 0.275 0.4166666 0.0958333 0.0925925
0 0.5072916 0.3851851 0.0770833 0.0814814
0 0.690625 0.3388888 0.04375 0.0703703
0 0.70625 0.3259259 0.0416666 0.0666666
0 0.7208333 0.3074074 0.0333333 0.074074
0 0.7614583 0.2925925 0.0145833 0.037037
0 0.76875 0.287037 0.0333333 0.0333333
0 0.7864583 0.2814814 0.0354166 0.0518518
2 0.8 0.2629629 0.025 0.0592592
0 0.7604166 0.2611111 0.0208333 0.0259259
0 0.6895833 0.2666666 0.025 0.0296296
0 0.8177083 0.2666666 0.0145833 0.037037
2 0.8208333 0.2574074 0.0208333 0.0407407
2 0.8197916 0.2314814 0.0270833 0.0185185
0 0.7239583 0.2555555 0.0229166 0.0296296
0 0.7552083 0.2388888 0.01875 0.0259259
0 0.8395833 0.2537037 0.0208333 0.0407407
0 0.8697916 0.2518518 0.01875 0.0296296
1 0.8052083 0.2074074 0.0145833 0.0222222
0 0.55 0.3111111 0.0625 0.1111111
2 0.7416666 0.2944444 0.0375 0.0703703
0 0.6114583 0.337037 0.0520833 0.0666666
0 0.6479166 0.2814814 0.0291666 0.037037
0 0.8177083 0.2185185 0.0145833 0.0148148
2 0.8135416 0.1944444 0.01875 0.0259259
2 0.9041666 0.4888888 0.125 0.1777777
1 0.6020833 0.2888888 0.0541666 0.0888888
0 0.6875 0.2888888 0.0333333 0.037037
0 0.4895833 0.7111111 0.2291666 0.2666666
0 0.7697916 0.287037 0.03125 0.0333333
0 0.771875 0.2518518 0.0270833 0.037037
0 0.5208333 0.3333333 0.0166666 0.0296296
