1 0.746875 0.3277777 0.1395833 0.1222222
0 0.4291666 0.4259259 0.0666666 0.0962962
0 0.2927083 0.4574074 0.0770833 0.1074074
0 0.1854166 0.4462962 0.0666666 0.0925925
0 0.1020833 0.3018518 0.0291666 0.0333333
1 0.3666666 0.3481481 0.1 0.1333333
1 0.5708333 0.4666666 0.2208333 0.274074
0 0.5572916 0.3314814 0.0520833 0.0333333
0 0.3145833 0.2944444 0.025 0.0333333
0 0.2489583 0.3462962 0.04375 0.0555555
0 0.1895833 0.3388888 0.0416666 0.0629629
0 0.2125 0.2925925 0.025 0.0296296
0 0.1229166 0.5592592 0.125 0.3185185
0 0.4260416 0.3296296 0.0229166 0.0444444
0 0.2645833 0.2925925 0.025 0.0296296
0 0.2489583 0.3129629 0.0354166 0.0407407
0 0.2395833 0.2925925 0.025 0.0296296
