1 0.746875 0.3277777 0.1395833 0.1222222
1 0.5458333 0.4518518 0.2 0.2518518
0 0.4177083 0.4166666 0.0645833 0.0851851
1 0.3583333 0.3444444 0.1 0.1333333
0 0.2927083 0.4574074 0.0770833 0.1074074
0 0.1822916 0.4462962 0.0645833 0.0925925
0 0.09375 0.3037037 0.0291666 0.037037
0 0.1125 0.5462962 0.1208333 0.3
0 0.58125 0.3481481 0.0583333 0.0518518
0 0.4333333 0.3333333 0.0458333 0.0518518
0 0.265625 0.2907407 0.0270833 0.0259259
0 0.2427083 0.3407407 0.0395833 0.0518518
0 0.2375 0.3074074 0.0333333 0.0444444
0 0.2135416 0.2925925 0.0229166 0.0296296
0 0.1854166 0.3351851 0.0375 0.0555555
2 0.4802083 0.2907407 0.0645833 0.0777777
