0 0.3552083 0.1796296 0.0479166 0.0703703
0 0.190625 0.1833333 0.0520833 0.0777777
0 0.4385416 0.0722222 0.0229166 0.0259259
0 0.19375 0.1129629 0.0666666 0.0555555
2 0.390625 0.1148148 0.0645833 0.1259259
2 0.4020833 0.0518518 0.0375 0.0444444
1 0.6072916 0.124074 0.04375 0.1444444
1 0.6427083 0.1351851 0.0229166 0.1296296
1 0.69375 0.1444444 0.05 0.1259259
0 0.4739583 0.124074 0.0604166 0.0481481
0 0.2729166 0.0962962 0.0375 0.037037
1 0.3375 0.45 0.2458333 0.5518518
0 0.2760416 0.1407407 0.0520833 0.0814814
