0 0.34375 0.5981481 0.1333333 0.2037037
0 0.7677083 0.4037037 0.0604166 0.0888888
0 0.303125 0.4759259 0.10625 0.137037
0 0.0802083 0.4796296 0.13125 0.1222222
0 0.7614583 0.3444444 0.0520833 0.0666666
0 0.39375 0.3759259 0.075 0.0703703
0 0.5552083 0.3611111 0.0645833 0.0703703
0 0.690625 0.3388888 0.04375 0.0703703
0 0.640625 0.3166666 0.0479166 0.0481481
0 0.70625 0.324074 0.0416666 0.0629629
0 0.7208333 0.3074074 0.0333333 0.074074
0 0.7625 0.2944444 0.0166666 0.0407407
0 0.7697916 0.2925925 0.03125 0.0444444
0 0.7875 0.2814814 0.0375 0.0518518
2 0.8 0.2611111 0.025 0.0555555
2 0.7822916 0.2462962 0.0270833 0.0259259
0 0.759375 0.2629629 0.0229166 0.0296296
0 0.7010416 0.2629629 0.0229166 0.0296296
0 0.8177083 0.2666666 0.0145833 0.037037
0 0.6666666 0.2722222 0.0208333 0.0333333
0 0.7333333 0.2518518 0.0208333 0.0222222
0 0.7520833 0.237037 0.0208333 0.0222222
0 0.840625 0.2537037 0.01875 0.0407407
0 0.8697916 0.2518518 0.01875 0.0296296
2 0.6354166 0.2777777 0.05 0.074074
2 0.971875 0.5259259 0.05625 0.1629629
0 0.5791666 0.3018518 0.0541666 0.1074074
0 0.7114583 0.2777777 0.03125 0.037037
2 0.7427083 0.2925925 0.0354166 0.0666666
2 0.8208333 0.25 0.0291666 0.0555555
