0 0.8583333 0.4203703 0.1541666 0.1888888
1 0.3510416 0.3037037 0.0729166 0.0814814
2 0.9760416 0.4388888 0.0479166 0.1
2 0.759375 0.5388888 0.29375 0.2555555
0 0.4864583 0.3111111 0.0604166 0.0444444
0 0.728125 0.3 0.0479166 0.0444444
0 0.9770833 0.3462962 0.0375 0.0629629
0 0.9083333 0.3425925 0.0375 0.0333333
0 0.4239583 0.3018518 0.0520833 0.0481481
0 0.3947916 0.3 0.0229166 0.037037
1 0.3864583 0.5592592 0.3520833 0.4296296
1 0.1833333 0.4092592 0.1375 0.1962962
0 0.2958333 0.3425925 0.0625 0.0259259
