0 0.346875 0.8407407 0.3729166 0.3185185
0 0.2927083 0.4129629 0.16875 0.1444444
0 0.7364583 0.387037 0.0770833 0.1222222
0 0.6583333 0.3185185 0.075 0.0962962
0 0.79375 0.2537037 0.0375 0.0555555
0 0.8020833 0.224074 0.025 0.0407407
0 0.8083333 0.2074074 0.0166666 0.0296296
0 0.7479166 0.224074 0.0333333 0.0481481
2 0.76875 0.1777777 0.0166666 0.037037
0 0.7416666 0.1777777 0.0208333 0.0296296
0 0.7197916 0.1833333 0.0229166 0.0333333
0 0.7083333 0.1592592 0.0166666 0.0222222
0 0.6739583 0.1685185 0.0270833 0.0259259
0 0.640625 0.15 0.0229166 0.0259259
0 0.615625 0.1462962 0.0270833 0.0481481
0 0.59375 0.1537037 0.025 0.0259259
0 0.484375 0.1796296 0.0520833 0.0407407
0 0.4447916 0.1407407 0.04375 0.0444444
0 0.459375 0.1222222 0.0395833 0.0296296
2 0.7885416 0.1851851 0.0270833 0.0518518
