0 0.3677083 0.2759259 0.03125 0.0259259
0 0.3260416 0.2833333 0.0395833 0.0407407
1 0.1947916 0.4148148 0.1145833 0.1777777
0 0.2958333 0.3462962 0.0625 0.0259259
1 0.3895833 0.5574074 0.3541666 0.4259259
1 0.14375 0.3722222 0.0625 0.1148148
2 0.8135416 0.5185185 0.3479166 0.3703703
0 0.978125 0.35 0.0354166 0.0555555
0 0.378125 0.3018518 0.03125 0.0407407
0 0.4916666 0.3092592 0.05 0.0481481
0 0.6197916 0.3888888 0.1020833 0.0814814
0 0.990625 0.5111111 0.01875 0.0962962
0 0.7510416 0.2981481 0.0145833 0.0407407
0 0.9739583 0.3722222 0.0270833 0.0333333
0 0.7479166 0.4074074 0.1166666 0.074074
0 0.4322916 0.3203703 0.0854166 0.1148148
