1 0.9697916 0.6259259 0.0604166 0.3333333
0 0.6854166 0.5814814 0.1708333 0.1703703
1 0.4895833 0.4203703 0.175 0.2185185
0 0.36875 0.3777777 0.0583333 0.074074
0 0.3364583 0.4111111 0.0645833 0.0814814
0 0.29375 0.4574074 0.075 0.1
0 0.2322916 0.3907407 0.05625 0.0851851
0 0.1864583 0.4462962 0.06875 0.1
0 0.3833333 0.3148148 0.0416666 0.0444444
0 0.3041666 0.3 0.0291666 0.037037
0 0.2697916 0.2925925 0.03125 0.037037
0 0.2395833 0.2925925 0.025 0.0296296
0 0.2125 0.2925925 0.025 0.0296296
0 0.1895833 0.2888888 0.0333333 0.0296296
0 0.1479166 0.3425925 0.0375 0.0555555
0 0.109375 0.2981481 0.0270833 0.0333333
0 0.1395833 0.2888888 0.0333333 0.0296296
0 0.0604166 0.2907407 0.0291666 0.0259259
0 0.4010416 0.75 0.3479166 0.5
1 0.746875 0.3277777 0.1354166 0.1222222
2 0.4802083 0.2888888 0.05625 0.074074
