0 0.65 0.9203703 0.2416666 0.1592592
0 0.778125 0.3055555 0.0645833 0.0925925
0 0.7541666 0.3314814 0.0708333 0.0555555
0 0.615625 0.2685185 0.05625 0.0555555
0 0.51875 0.2037037 0.0333333 0.037037
0 0.4416666 0.1722222 0.0166666 0.0185185
0 0.4104166 0.1611111 0.0125 0.0185185
0 0.365625 0.1592592 0.0145833 0.0222222
0 0.5166666 0.3037037 0.0291666 0.0666666
2 0.4510416 0.2833333 0.1270833 0.174074
0 0.3239583 0.2296296 0.0354166 0.0518518
0 0.3145833 0.1944444 0.025 0.0333333
0 0.3052083 0.1722222 0.01875 0.0259259
0 0.328125 0.1703703 0.01875 0.0222222
1 0.2760416 0.1629629 0.0270833 0.0518518
