1 0.746875 0.3277777 0.1395833 0.1222222
1 0.61875 0.4962962 0.2541666 0.2888888
0 0.4489583 0.4425925 0.08125 0.1074074
0 0.51875 0.337037 0.0583333 0.0518518
1 0.3822916 0.3611111 0.1104166 0.1444444
0 0.3208333 0.3074074 0.0333333 0.0444444
0 0.30625 0.2944444 0.0291666 0.0333333
0 0.265625 0.2907407 0.0270833 0.0259259
0 0.2729166 0.3222222 0.0375 0.0444444
0 0.2395833 0.2925925 0.025 0.0296296
0 0.2135416 0.2925925 0.0270833 0.0296296
0 0.1885416 0.287037 0.03125 0.0259259
0 0.2614583 0.3537037 0.04375 0.0629629
0 0.29375 0.4592592 0.075 0.1111111
0 0.1854166 0.4462962 0.0625 0.0925925
0 0.196875 0.3481481 0.0395833 0.0666666
0 0.1135416 0.3055555 0.0270833 0.0407407
0 0.0739583 0.2907407 0.0229166 0.0259259
0 0.140625 0.5851851 0.1479166 0.3407407
2 0.4802083 0.2907407 0.0645833 0.0777777
