0 0.590625 0.5111111 0.0729166 0.1111111
0 0.5625 0.6333333 0.1125 0.1703703
0 0.459375 0.8555555 0.1854166 0.2888888
0 0.290625 0.2722222 0.0229166 0.0407407
0 0.1541666 0.3703703 0.0541666 0.0518518
0 0.1677083 0.3537037 0.06875 0.0481481
0 0.0854166 0.3611111 0.0583333 0.0555555
0 0.2645833 0.2796296 0.0333333 0.0481481
0 0.4416666 0.4314814 0.075 0.0777777
0 0.121875 0.3833333 0.0729166 0.0555555
0 0.0854166 0.4037037 0.0583333 0.0518518
0 0.353125 0.4833333 0.09375 0.1148148
0 0.0447916 0.7444444 0.0895833 0.4222222
0 0.9510416 0.3222222 0.0520833 0.037037
0 0.778125 0.4277777 0.08125 0.0629629
