1 0.0072916 0.3555555 0.0145833 0.1703703
0 0.834375 0.0777777 0.0354166 0.0518518
2 0.859375 0.0722222 0.0354166 0.0629629
0 0.91875 0.1018518 0.0291666 0.0407407
0 0.7958333 0.0314814 0.025 0.0407407
0 0.8125 0.0518518 0.025 0.037037
0 0.8645833 0.1648148 0.0625 0.0777777
0 0.496875 0.15 0.1354166 0.0851851
0 0.1833333 0.1592592 0.0583333 0.0444444
0 0.0791666 0.1944444 0.0625 0.0777777
1 0.2125 0.3222222 0.425 0.3777777
2 0.7239583 0.1925925 0.2729166 0.274074
0 0.2520833 0.1481481 0.0875 0.0296296
