0 0.64375 0.6407407 0.2125 0.3037037
0 0.65625 0.3944444 0.1041666 0.1074074
2 0.9010416 0.4796296 0.1020833 0.137037
0 0.4916666 0.4111111 0.1166666 0.1481481
1 0.5604166 0.2574074 0.1 0.1148148
0 0.3083333 0.2851851 0.0541666 0.0814814
0 0.4635416 0.2203703 0.0395833 0.0481481
2 0.359375 0.2407407 0.0395833 0.074074
0 0.4041666 0.1907407 0.0375 0.0703703
0 0.25 0.2129629 0.025 0.0407407
0 0.3385416 0.2277777 0.03125 0.0629629
0 0.321875 0.2111111 0.0354166 0.0518518
0 0.359375 0.1925925 0.0270833 0.037037
0 0.33125 0.1777777 0.0208333 0.0296296
0 0.3635416 0.1685185 0.0229166 0.0259259
0 0.271875 0.1611111 0.0270833 0.0259259
1 0.2510416 0.15 0.0145833 0.0333333
2 0.221875 0.174074 0.01875 0.037037
2 0.4229166 0.3092592 0.0833333 0.1222222
