0 0.4822916 0.4703703 0.1229166 0.1851851
0 0.425 0.3055555 0.0708333 0.0851851
1 0.2729166 0.2074074 0.0458333 0.0962962
0 0.3114583 0.2129629 0.03125 0.0407407
0 0.3197916 0.1907407 0.0229166 0.0333333
0 0.33125 0.174074 0.0166666 0.0296296
0 0.3114583 0.1555555 0.0145833 0.0222222
0 0.365625 0.1592592 0.0145833 0.0222222
0 0.40625 0.1814814 0.0208333 0.0296296
0 0.4447916 0.1703703 0.01875 0.0222222
0 0.4583333 0.1851851 0.025 0.0296296
0 0.5354166 0.2148148 0.0375 0.037037
2 0.6520833 0.2759259 0.05 0.0629629
0 0.6489583 0.2351851 0.0479166 0.0555555
0 0.078125 0.2777777 0.03125 0.0518518
0 0.0104166 0.374074 0.0208333 0.0444444
