1 0.484375 0.6277777 0.46875 0.537037
1 0.1916666 0.4148148 0.1416666 0.1777777
0 0.5958333 0.3851851 0.1166666 0.0814814
0 0.4322916 0.3462962 0.06875 0.0555555
0 0.3052083 0.3574074 0.06875 0.0481481
0 0.4864583 0.3111111 0.0604166 0.0444444
0 0.38125 0.3222222 0.0583333 0.0444444
0 0.3854166 0.2962962 0.0458333 0.0296296
0 0.3677083 0.274074 0.03125 0.0296296
0 0.4229166 0.3018518 0.05 0.0407407
1 0.14375 0.3722222 0.0625 0.1148148
0 0.978125 0.3518518 0.0354166 0.0592592
0 0.9739583 0.3685185 0.0270833 0.0407407
0 0.3208333 0.3092592 0.0541666 0.0777777
0 0.8229166 0.4185185 0.1166666 0.0962962
