0 0.715625 0.7814814 0.13125 0.2444444
0 0.6947916 0.4648148 0.05625 0.1
0 0.5895833 0.5092592 0.075 0.1074074
0 0.5635416 0.6314814 0.1104166 0.174074
0 0.4614583 0.8537037 0.1895833 0.2851851
0 0.6479166 0.3407407 0.0666666 0.0518518
0 0.5072916 0.3388888 0.05625 0.1074074
1 0.4 0.4296296 0.1583333 0.1925925
1 0.125 0.4111111 0.1458333 0.1407407
0 0.1614583 0.3462962 0.0770833 0.0481481
0 0.0302083 0.3777777 0.05625 0.0444444
0 0.1375 0.6796296 0.1916666 0.2185185
0 0.9489583 0.3296296 0.05625 0.0592592
0 0.2895833 0.2759259 0.0208333 0.0407407
