1 0.8 0.2018518 0.0333333 0.0629629
1 0.3760416 0.7277777 0.7520833 0.5444444
0 0.2041666 0.2185185 0.0833333 0.1037037
0 0.053125 0.7481481 0.10625 0.2296296
0 0.60625 0.387037 0.1208333 0.1444444
0 0.7708333 0.3796296 0.075 0.1148148
0 0.5229166 0.2722222 0.075 0.0703703
0 0.6958333 0.3 0.0625 0.0814814
0 0.6739583 0.237037 0.0479166 0.0518518
0 0.75 0.2462962 0.0375 0.0555555
0 0.7677083 0.2277777 0.03125 0.0407407
0 0.740625 0.2055555 0.0270833 0.0333333
0 0.7364583 0.1814814 0.01875 0.0222222
0 0.7677083 0.1851851 0.0145833 0.0222222
0 0.0072916 0.3611111 0.0145833 0.0555555
0 0.3791666 0.1944444 0.0708333 0.0703703
0 0.446875 0.1407407 0.0354166 0.037037
0 0.459375 0.1222222 0.0395833 0.0296296
0 0.5666666 0.1685185 0.0375 0.0333333
0 0.5947916 0.1518518 0.0229166 0.0222222
0 0.6302083 0.1666666 0.03125 0.0296296
0 0.6395833 0.15 0.0208333 0.0259259
0 0.6666666 0.1703703 0.025 0.0296296
0 0.6583333 0.1518518 0.0166666 0.0148148
0 0.6708333 0.1518518 0.0125 0.0148148
0 0.6791666 0.1518518 0.0125 0.0222222
