1 0.7979166 0.2018518 0.0333333 0.0629629
1 0.3583333 0.7777777 0.7166666 0.4444444
0 0.2239583 0.2129629 0.0854166 0.1
0 0.5885416 0.4111111 0.13125 0.1629629
0 0.7666666 0.3962962 0.075 0.1259259
0 0.6864583 0.3055555 0.0645833 0.0851851
0 0.6604166 0.2425925 0.05 0.0555555
0 0.746875 0.2518518 0.0354166 0.0592592
0 0.7645833 0.2314814 0.0333333 0.0407407
0 0.734375 0.2074074 0.03125 0.037037
0 0.73125 0.1814814 0.0208333 0.0222222
0 0.765625 0.1851851 0.0145833 0.0222222
0 0.759375 0.174074 0.0145833 0.0148148
0 0.03125 0.3462962 0.0625 0.0777777
0 0.403125 0.1907407 0.0645833 0.0629629
0 0.4479166 0.1425925 0.0375 0.0407407
0 0.459375 0.1222222 0.0395833 0.0296296
0 0.5770833 0.1666666 0.0333333 0.0296296
0 0.5947916 0.1518518 0.0229166 0.0222222
0 0.6375 0.1685185 0.0291666 0.0333333
0 0.640625 0.1481481 0.0229166 0.0222222
0 0.6739583 0.1685185 0.0229166 0.0259259
0 0.6604166 0.1518518 0.0166666 0.0148148
0 0.6708333 0.15 0.0125 0.0185185
0 0.6791666 0.15 0.0125 0.0185185
