1 0.6864583 0.5074074 0.2479166 0.5407407
1 0.8041666 0.1925925 0.025 0.0518518
0 0.0614583 0.2722222 0.09375 0.137037
0 0.3166666 0.7333333 0.3 0.3555555
0 0.0645833 0.7425925 0.1291666 0.2407407
0 0.5635416 0.3092592 0.09375 0.0925925
0 0.6875 0.274074 0.0458333 0.0518518
0 0.7354166 0.2351851 0.0375 0.0259259
0 0.7604166 0.224074 0.0291666 0.0481481
0 0.790625 0.2185185 0.0270833 0.037037
0 0.6760416 0.2 0.03125 0.037037
0 0.7302083 0.2018518 0.0270833 0.0333333
0 0.771875 0.1944444 0.01875 0.0259259
0 0.4458333 0.137037 0.0375 0.037037
0 0.459375 0.1222222 0.0354166 0.0296296
0 0.4604166 0.1833333 0.0541666 0.0407407
0 0.1291666 0.2833333 0.1 0.1074074
0 0.5427083 0.1796296 0.04375 0.0481481
0 0.5791666 0.1851851 0.0375 0.0444444
0 0.5958333 0.1518518 0.025 0.0222222
0 0.640625 0.15 0.0229166 0.0259259
2 0.675 0.1574074 0.0166666 0.0259259
0 0.6614583 0.1518518 0.01875 0.0222222
