0 0.834375 0.0777777 0.0354166 0.0518518
2 0.859375 0.0722222 0.0354166 0.0629629
0 0.7958333 0.0314814 0.025 0.0407407
0 0.8125 0.0518518 0.025 0.037037
0 0.9427083 0.1259259 0.0354166 0.0518518
0 0.9875 0.2129629 0.025 0.0629629
0 0.4260416 0.1333333 0.10625 0.0814814
0 0.334375 0.1481481 0.0770833 0.0518518
0 0.1885416 0.1555555 0.0479166 0.037037
0 0.1322916 0.1666666 0.0770833 0.0888888
0 0.08125 0.2074074 0.0416666 0.0444444
0 0.05625 0.1944444 0.0291666 0.0333333
1 0.19375 0.3259259 0.3875 0.3629629
0 0.7520833 0.1703703 0.0208333 0.0666666
2 0.5875 0.187037 0.3291666 0.2629629
