0 0.728125 0.437037 0.05625 0.0814814
0 0.525 0.3666666 0.0708333 0.074074
0 0.4604166 0.8537037 0.1916666 0.2925925
0 0.5614583 0.6333333 0.1104166 0.1777777
0 0.590625 0.5092592 0.0729166 0.1148148
0 0.0854166 0.3592592 0.0625 0.0518518
0 0.165625 0.3481481 0.0729166 0.0444444
0 0.2895833 0.274074 0.025 0.037037
0 0.95 0.324074 0.05 0.0481481
0 0.4479166 0.3833333 0.0666666 0.1296296
0 0.0333333 0.3814814 0.0541666 0.0444444
0 0.1114583 0.3851851 0.05625 0.0592592
1 0.1166666 0.5055555 0.1583333 0.2851851
0 0.1729166 0.3296296 0.0625 0.0296296
0 0.1583333 0.3666666 0.0708333 0.037037
0 0.8697916 0.3333333 0.0604166 0.0444444
0 0.6979166 0.7907407 0.1291666 0.2333333
