0 0.7708333 0.4 0.0958333 0.0814814
1 0.7479166 0.3259259 0.1416666 0.1185185
0 0.609375 0.4 0.0770833 0.074074
0 0.56875 0.4648148 0.0916666 0.1074074
1 0.4604166 0.4018518 0.1333333 0.1962962
1 0.3375 0.337037 0.0875 0.1259259
0 0.3697916 0.3944444 0.05625 0.0777777
0 0.2791666 0.4425925 0.0708333 0.0925925
0 0.1760416 0.4259259 0.05625 0.0814814
0 0.1604166 0.3129629 0.0291666 0.0407407
0 0.140625 0.2962962 0.0270833 0.0296296
0 0.0875 0.4685185 0.075 0.2333333
0 0.265625 0.2925925 0.0270833 0.0296296
0 0.2395833 0.2925925 0.025 0.0296296
2 0.4802083 0.287037 0.0645833 0.0703703
0 0.1927083 0.3092592 0.03125 0.0407407
0 0.2208333 0.2962962 0.025 0.0296296
