0 0.8197916 0.3388888 0.04375 0.0629629
0 0.690625 0.3388888 0.04375 0.0703703
0 0.70625 0.3259259 0.0416666 0.0666666
2 0.7208333 0.3074074 0.0333333 0.074074
2 0.8 0.2574074 0.0208333 0.0481481
0 0.65625 0.2777777 0.0291666 0.037037
0 0.8166666 0.2666666 0.0166666 0.037037
2 0.821875 0.2574074 0.0229166 0.0407407
2 0.8197916 0.2314814 0.0270833 0.0185185
0 0.753125 0.2388888 0.01875 0.0259259
0 0.8416666 0.2555555 0.0208333 0.037037
0 0.86875 0.2518518 0.0208333 0.0296296
2 0.7395833 0.2907407 0.0375 0.0703703
0 0.7041666 0.2611111 0.025 0.0333333
0 0.771875 0.25 0.01875 0.0259259
0 0.6166666 0.3166666 0.0416666 0.0555555
0 0.5364583 0.8129629 0.30625 0.3148148
2 0.8541666 0.4222222 0.0666666 0.1481481
0 0.3458333 0.4574074 0.1083333 0.1222222
0 0.4 0.3666666 0.075 0.0666666
0 0.5072916 0.3777777 0.0729166 0.0888888
2 0.5572916 0.3074074 0.0479166 0.0592592
0 0.6010416 0.2944444 0.0354166 0.0407407
0 0.8010416 0.2981481 0.0395833 0.0555555
0 0.7614583 0.2962962 0.01875 0.0518518
0 0.7697916 0.2888888 0.03125 0.0518518
0 0.7552083 0.2574074 0.0229166 0.0333333
0 0.7864583 0.274074 0.0354166 0.037037
0 0.475 0.337037 0.075 0.1407407
