0 0.834375 0.0777777 0.0354166 0.0518518
2 0.859375 0.0722222 0.0354166 0.0629629
0 0.7958333 0.0314814 0.025 0.0407407
0 0.8125 0.0518518 0.025 0.037037
0 0.0802083 0.2074074 0.0395833 0.0444444
0 0.0572916 0.1981481 0.03125 0.0407407
0 0.1197916 0.187037 0.0395833 0.0333333
1 0.1895833 0.324074 0.3791666 0.3592592
0 0.934375 0.2166666 0.1104166 0.1
0 0.9791666 0.1611111 0.0416666 0.0555555
0 0.7416666 0.1462962 0.1125 0.0777777
0 0.4989583 0.1444444 0.0854166 0.0814814
0 0.16875 0.1629629 0.0333333 0.0444444
0 0.228125 0.1314814 0.1020833 0.0925925
2 0.5145833 0.1833333 0.3208333 0.2407407
