1 0.6416666 0.4888888 0.2833333 0.2814814
0 0.740625 0.8 0.49375 0.4
0 0.4302083 0.4148148 0.0729166 0.1037037
0 0.3625 0.437037 0.075 0.1037037
0 0.29375 0.4574074 0.075 0.1074074
0 0.340625 0.3037037 0.0354166 0.0444444
0 0.2604166 0.2944444 0.0291666 0.0333333
0 0.2395833 0.2944444 0.025 0.0259259
0 0.2125 0.2925925 0.0291666 0.0296296
0 0.2791666 0.2944444 0.0166666 0.0259259
0 0.2885416 0.2925925 0.01875 0.0296296
0 0.146875 0.3055555 0.03125 0.0407407
0 0.1604166 0.3648148 0.0458333 0.0703703
0 0.1645833 0.3 0.0208333 0.0296296
0 0.090625 0.2888888 0.0270833 0.0222222
0 0.1854166 0.45 0.0666666 0.1
0 0.2447916 0.4037037 0.0604166 0.1037037
1 0.7479166 0.3277777 0.1333333 0.1296296
