0 0.3197916 0.2129629 0.03125 0.0481481
0 0.3395833 0.2296296 0.0333333 0.0592592
2 0.359375 0.2444444 0.0395833 0.0666666
0 0.49375 0.4129629 0.1166666 0.1518518
0 0.6447916 0.6388888 0.2104166 0.3
0 0.3052083 0.1629629 0.0229166 0.0222222
0 0.3385416 0.1814814 0.0229166 0.0296296
0 0.396875 0.2259259 0.04375 0.037037
0 0.2427083 0.174074 0.0270833 0.0296296
1 0.2510416 0.15 0.01875 0.0333333
0 0.259375 0.1592592 0.0270833 0.0222222
0 0.3260416 0.1574074 0.01875 0.0185185
0 0.3604166 0.1981481 0.0291666 0.0333333
0 0.365625 0.1685185 0.0229166 0.0259259
0 0.346875 0.1666666 0.01875 0.0296296
0 0.3822916 0.1648148 0.01875 0.0259259
0 0.425 0.2074074 0.0375 0.037037
0 0.434375 0.1925925 0.0270833 0.037037
0 0.534375 0.2648148 0.0604166 0.0629629
0 0.703125 0.5203703 0.1604166 0.174074
0 0.978125 0.6351851 0.04375 0.1
0 0.8197916 0.4685185 0.1770833 0.2851851
2 0.4229166 0.3111111 0.0833333 0.1259259
