0 0.403125 0.3555555 0.0770833 0.1111111
0 0.371875 0.2555555 0.0479166 0.0592592
1 0.2697916 0.1907407 0.0395833 0.0777777
0 0.30625 0.1981481 0.025 0.0333333
0 0.3229166 0.1814814 0.0208333 0.0296296
0 0.328125 0.1685185 0.0145833 0.0259259
0 0.3135416 0.1537037 0.0145833 0.0185185
2 0.753125 0.3277777 0.0604166 0.0777777
0 0.6760416 0.2518518 0.05625 0.074074
0 0.5739583 0.2351851 0.0395833 0.0407407
0 0.4791666 0.1981481 0.0291666 0.0333333
0 0.45625 0.1759259 0.0208333 0.0259259
0 0.4208333 0.1611111 0.0125 0.0185185
0 0.4156249 0.1851851 0.0229166 0.0296296
0 0.365625 0.1592592 0.0145833 0.0222222
0 0.4041666 0.1555555 0.0083333 0.0148148
