0 0.2510416 0.1111111 0.0145833 0.0148148
0 0.2677083 0.1166666 0.0145833 0.0185185
0 0.303125 0.0925925 0.0104166 0.0148148
0 0.296875 0.087037 0.0104166 0.0111111
0 0.3489583 0.0833333 0.00625 0.0111111
0 0.2729166 0.0907407 0.0125 0.0111111
0 0.3635416 0.1537037 0.01875 0.0259259
0 0.3833333 0.1444444 0.0166666 0.0222222
0 0.2833333 0.0888888 0.0083333 0.0074074
0 0.43125 0.1944444 0.0375 0.0407407
0 0.4625 0.1851851 0.0333333 0.0666666
0 0.3625 0.6351851 0.175 0.3222222
0 0.953125 0.6222222 0.09375 0.1185185
