0 0.078125 0.2777777 0.03125 0.0518518
0 0.0104166 0.374074 0.0208333 0.0444444
0 0.49375 0.6537037 0.1791666 0.3148148
0 0.8239583 0.324074 0.0729166 0.0851851
0 0.8375 0.387037 0.0791666 0.0703703
0 0.7020833 0.3185185 0.0708333 0.0666666
0 0.5572916 0.2222222 0.0395833 0.0444444
0 0.5177083 0.2462962 0.04375 0.0555555
0 0.4520833 0.1777777 0.0166666 0.0222222
0 0.4156249 0.1629629 0.0145833 0.0222222
0 0.440625 0.2462962 0.0229166 0.0481481
2 0.3979166 0.237037 0.0833333 0.1259259
0 0.315625 0.2129629 0.0270833 0.0407407
0 0.309375 0.1851851 0.0229166 0.0296296
0 0.3072916 0.1703703 0.01875 0.0222222
0 0.3291666 0.1666666 0.0166666 0.0222222
1 0.2791666 0.1611111 0.0291666 0.0481481
0 0.3291666 0.1518518 0.0125 0.0148148
0 0.365625 0.1592592 0.0145833 0.0222222
