0 0.3677083 0.2759259 0.03125 0.0259259
0 0.3260416 0.2833333 0.0395833 0.0407407
1 0.1947916 0.4148148 0.1145833 0.1777777
0 0.2958333 0.3462962 0.0625 0.0259259
1 0.3916666 0.5592592 0.3583333 0.4296296
1 0.14375 0.3722222 0.0625 0.1148148
2 0.8312499 0.5222222 0.3375 0.3703703
0 0.978125 0.3518518 0.0354166 0.0592592
0 0.3739583 0.3018518 0.01875 0.0333333
0 0.4875 0.3092592 0.0625 0.0481481
0 0.4166666 0.3203703 0.0791666 0.1074074
0 0.5958333 0.3833333 0.0958333 0.0777777
0 0.69375 0.387037 0.1083333 0.0777777
0 0.971875 0.3666666 0.0270833 0.0444444
