1 0.6166666 0.4759259 0.2666666 0.2777777
0 0.6947916 0.7814814 0.4770833 0.437037
0 0.4229166 0.4074074 0.0708333 0.0962962
0 0.3583333 0.4351851 0.075 0.1
0 0.2927083 0.4555555 0.0729166 0.1037037
0 0.24375 0.4018518 0.0625 0.0925925
0 0.1875 0.4481481 0.0666666 0.0962962
0 0.1583333 0.3648148 0.0458333 0.0703703
0 0.14375 0.3037037 0.0291666 0.037037
0 0.34375 0.3074074 0.0375 0.0444444
0 0.2135416 0.2925925 0.0270833 0.0296296
0 0.2395833 0.2907407 0.025 0.0259259
0 0.2625 0.2944444 0.0291666 0.0333333
0 0.2802083 0.2944444 0.01875 0.0333333
0 0.2895833 0.2925925 0.0166666 0.0296296
0 0.159375 0.3 0.01875 0.0296296
0 0.1947916 0.287037 0.0270833 0.0333333
0 0.0885416 0.2888888 0.0270833 0.0222222
0 0.9395833 0.7037037 0.1208333 0.2
1 0.7479166 0.3277777 0.1333333 0.1296296
2 0.4916666 0.2907407 0.0833333 0.0851851
