0 0.5697916 0.6037037 0.1770833 0.2666666
0 0.4802083 0.3574074 0.0979166 0.1074074
0 0.3166666 0.2203703 0.0333333 0.0481481
0 0.3197916 0.1962962 0.0229166 0.037037
0 0.3322916 0.1759259 0.01875 0.0259259
0 0.3104166 0.1592592 0.0166666 0.0222222
1 0.2770833 0.2166666 0.0541666 0.1074074
0 0.3666666 0.1592592 0.0166666 0.0222222
0 0.4020833 0.1777777 0.0166666 0.0296296
0 0.446875 0.1796296 0.0229166 0.0259259
0 0.4385416 0.1685185 0.01875 0.0259259
0 0.5166666 0.2074074 0.0333333 0.0296296
2 0.6072916 0.25 0.04375 0.0555555
0 0.6354166 0.2333333 0.0416666 0.0666666
