0 0.64375 0.6407407 0.2125 0.3037037
0 0.4916666 0.4111111 0.1166666 0.1481481
2 0.421875 0.3037037 0.0854166 0.1407407
0 0.4302083 0.2018518 0.0354166 0.0407407
2 0.359375 0.2444444 0.0395833 0.074074
0 0.3385416 0.2296296 0.03125 0.0592592
0 0.321875 0.2129629 0.0354166 0.0481481
0 0.3260416 0.1722222 0.0229166 0.0259259
0 0.3541666 0.1629629 0.0208333 0.0222222
0 0.2510416 0.1629629 0.0270833 0.0222222
1 0.2510416 0.1462962 0.0145833 0.0259259
2 0.2229166 0.1759259 0.0166666 0.0333333
0 0.3916666 0.1833333 0.0333333 0.0629629
0 0.534375 0.2981481 0.06875 0.0703703
0 0.3333333 0.35 0.075 0.1222222
0 0.346875 0.1851851 0.0270833 0.037037
0 0.2489583 0.2259259 0.0270833 0.0518518
2 0.7520833 0.3722222 0.0833333 0.1074074
1 0.4979166 0.2222222 0.075 0.0888888
