0 0.740625 0.4111111 0.1145833 0.1037037
0 0.4364583 0.2074074 0.0354166 0.037037
0 0.365625 0.2037037 0.03125 0.037037
0 0.3760416 0.1722222 0.0229166 0.0259259
0 0.34375 0.1629629 0.0166666 0.0222222
0 0.325 0.1685185 0.0208333 0.0259259
0 0.2729166 0.2037037 0.0291666 0.0444444
0 0.246875 0.1814814 0.01875 0.0296296
0 0.2927083 0.1629629 0.0229166 0.0222222
2 0.278125 0.15 0.01875 0.0259259
0 0.3166666 0.1537037 0.0125 0.0185185
0 0.35625 0.1555555 0.0166666 0.0222222
0 0.6427083 0.6388888 0.2145833 0.3
0 0.4927083 0.4129629 0.11875 0.1518518
2 0.359375 0.2444444 0.0395833 0.074074
0 0.3385416 0.2296296 0.03125 0.0592592
0 0.3197916 0.2129629 0.03125 0.0481481
0 0.2791666 0.15 0.0208333 0.0259259
0 0.2635416 0.1537037 0.0145833 0.0185185
0 0.4270833 0.2444444 0.0458333 0.0518518
0 0.4802083 0.2333333 0.0604166 0.1037037
2 0.4229166 0.3092592 0.0833333 0.1222222
