0 0.828125 0.3259259 0.04375 0.0592592
0 0.690625 0.3388888 0.04375 0.0703703
0 0.70625 0.3259259 0.0416666 0.0666666
2 0.7208333 0.3074074 0.0333333 0.074074
2 0.7989583 0.2555555 0.0229166 0.0444444
0 0.8166666 0.2648148 0.0166666 0.0333333
2 0.8197916 0.2574074 0.0229166 0.0407407
2 0.8177083 0.2314814 0.0270833 0.0185185
0 0.840625 0.2537037 0.0229166 0.0333333
0 0.86875 0.2518518 0.0208333 0.0296296
2 0.7395833 0.2907407 0.0375 0.0703703
0 0.6927083 0.2666666 0.0270833 0.037037
0 0.765625 0.2518518 0.0145833 0.0296296
0 0.584375 0.3277777 0.0479166 0.0555555
2 0.8708333 0.4055555 0.0625 0.1296296
0 0.29375 0.4925925 0.1083333 0.1333333
0 0.325 0.3981481 0.0833333 0.0777777
0 0.45 0.4055555 0.0833333 0.1
2 0.5229166 0.3185185 0.0541666 0.0666666
0 0.578125 0.3037037 0.0354166 0.0444444
0 0.809375 0.2962962 0.0395833 0.0444444
0 0.7614583 0.2962962 0.01875 0.0518518
0 0.76875 0.2888888 0.0291666 0.0518518
0 0.7510416 0.2555555 0.0229166 0.037037
0 0.784375 0.2777777 0.0354166 0.0518518
0 0.8364583 0.8925925 0.3270833 0.2148148
0 0.4395833 0.3444444 0.0791666 0.1481481
0 0.640625 0.2814814 0.03125 0.037037
1 0.4791666 0.3222222 0.0333333 0.1037037
