0 0.7375 0.4333333 0.0541666 0.0814814
0 0.5177083 0.3685185 0.06875 0.0703703
0 0.4604166 0.8537037 0.1916666 0.2925925
0 0.5614583 0.6333333 0.1104166 0.1777777
0 0.590625 0.5092592 0.0729166 0.1148148
0 0.0854166 0.3592592 0.0625 0.0518518
0 0.165625 0.3481481 0.0729166 0.0444444
0 0.2895833 0.274074 0.025 0.037037
0 0.95 0.324074 0.05 0.0481481
0 0.4416666 0.3851851 0.0708333 0.1333333
0 0.0333333 0.3814814 0.0541666 0.0444444
0 0.1208333 0.3814814 0.075 0.0518518
1 0.096875 0.5444444 0.19375 0.3259259
0 0.1875 0.3296296 0.0583333 0.037037
0 0.153125 0.3648148 0.05625 0.0407407
0 0.7 0.7055555 0.1083333 0.1962962
0 0.8312499 0.3351851 0.0666666 0.0407407
