0 0.8239583 0.3333333 0.04375 0.0592592
0 0.690625 0.3388888 0.04375 0.0703703
0 0.70625 0.3259259 0.0416666 0.0666666
2 0.7208333 0.3074074 0.0333333 0.074074
2 0.7989583 0.2537037 0.0229166 0.0481481
0 0.6479166 0.2777777 0.0333333 0.037037
0 0.8166666 0.2648148 0.0166666 0.0333333
2 0.8197916 0.2574074 0.0229166 0.0407407
2 0.8177083 0.2314814 0.0270833 0.0185185
0 0.8416666 0.2555555 0.0208333 0.037037
0 0.86875 0.2518518 0.0208333 0.0296296
2 0.7395833 0.2907407 0.0375 0.0703703
0 0.696875 0.2648148 0.0270833 0.0333333
0 0.76875 0.2518518 0.0166666 0.0296296
0 0.6010416 0.3222222 0.04375 0.0592592
2 0.8614583 0.4148148 0.0645833 0.1333333
0 0.315625 0.4759259 0.1104166 0.1222222
0 0.365625 0.3814814 0.0770833 0.074074
0 0.48125 0.3925925 0.075 0.0962962
0 0.4583333 0.3388888 0.075 0.137037
2 0.5427083 0.3129629 0.05625 0.0629629
0 0.5927083 0.2962962 0.0395833 0.0444444
0 0.80625 0.2925925 0.0333333 0.037037
0 0.7614583 0.2962962 0.01875 0.0518518
0 0.76875 0.2888888 0.0291666 0.0518518
0 0.7520833 0.2555555 0.0208333 0.037037
0 0.6895833 0.8574074 0.3875 0.2851851
0 0.784375 0.2777777 0.0354166 0.0518518
