0 0.1104166 0.4981481 0.1458333 0.1814814
0 0.0854166 0.7314814 0.1708333 0.2925925
0 0.4822916 0.2259259 0.0604166 0.0518518
0 0.5625 0.1796296 0.0291666 0.0407407
0 0.6833333 0.1314814 0.0125 0.0185185
0 0.1416666 0.8703703 0.2833333 0.2592592
0 0.4395833 0.5185185 0.1958333 0.2444444
2 0.5822916 0.3166666 0.0979166 0.1666666
0 0.6395833 0.2703703 0.05 0.0814814
0 0.73125 0.224074 0.0375 0.0629629
0 0.6635416 0.2351851 0.0479166 0.0703703
2 0.6864583 0.1888888 0.0479166 0.0888888
1 0.78125 0.1314814 0.0166666 0.0333333
0 0.7875 0.1462962 0.0125 0.0185185
0 0.7833333 0.15 0.0125 0.0185185
0 0.75625 0.1703703 0.0208333 0.0296296
0 0.7614583 0.1592592 0.01875 0.0296296
0 0.7635416 0.1481481 0.0145833 0.0222222
0 0.7666666 0.1407407 0.0125 0.0148148
2 0.76875 0.1314814 0.0125 0.0185185
1 0.7541666 0.1314814 0.0208333 0.0333333
0 0.728125 0.1629629 0.0229166 0.037037
0 0.7260416 0.1666666 0.01875 0.037037
0 0.7354166 0.1555555 0.0166666 0.0296296
2 0.7395833 0.1481481 0.0166666 0.037037
0 0.7479166 0.1481481 0.0083333 0.0222222
0 0.7072916 0.1555555 0.01875 0.0296296
0 0.7125 0.1518518 0.0166666 0.0296296
0 0.70625 0.1296296 0.0166666 0.0296296
0 0.740625 0.1296296 0.0104166 0.0148148
0 0.7197916 0.1407407 0.01875 0.0148148
