0 0.4604166 0.8537037 0.1958333 0.2851851
0 0.5614583 0.6333333 0.1145833 0.1777777
0 0.590625 0.5148148 0.0729166 0.1185185
0 0.7135416 0.6055555 0.0854166 0.1518518
0 0.71875 0.4425925 0.075 0.0925925
0 0.6135416 0.3407407 0.06875 0.0666666
0 0.4927083 0.3444444 0.0604166 0.1037037
1 0.3208333 0.4759259 0.2166666 0.2629629
1 0.1354166 0.4185185 0.1416666 0.1481481
0 0.2895833 0.274074 0.025 0.0444444
0 0.1677083 0.3444444 0.0729166 0.0444444
0 0.009375 0.3907407 0.01875 0.0555555
0 0.0333333 0.3777777 0.0625 0.0444444
0 0.0739583 0.3574074 0.0520833 0.0555555
0 0.95 0.3277777 0.05 0.0481481
