0 0.821875 0.3351851 0.04375 0.0629629
0 0.690625 0.3388888 0.04375 0.0703703
0 0.70625 0.3259259 0.0416666 0.0666666
2 0.7208333 0.3074074 0.0333333 0.074074
2 0.7989583 0.2537037 0.0229166 0.0481481
0 0.653125 0.2777777 0.03125 0.037037
0 0.8166666 0.2648148 0.0166666 0.0333333
0 0.8416666 0.2555555 0.0208333 0.037037
0 0.86875 0.2518518 0.0208333 0.0296296
2 0.7395833 0.2907407 0.0375 0.0703703
0 0.7 0.2611111 0.025 0.0333333
0 0.7708333 0.25 0.0166666 0.0259259
0 0.609375 0.3185185 0.04375 0.0518518
0 0.6083333 0.8425925 0.3458333 0.3148148
2 0.8572916 0.4166666 0.0645833 0.137037
0 0.3302083 0.4629629 0.1104166 0.1185185
0 0.384375 0.374074 0.0770833 0.074074
0 0.4947916 0.3833333 0.0729166 0.0925925
0 0.4666666 0.3388888 0.075 0.137037
2 0.5520833 0.3092592 0.0583333 0.0629629
0 0.596875 0.2944444 0.0354166 0.0481481
0 0.8041666 0.2981481 0.0375 0.0555555
0 0.7614583 0.2962962 0.01875 0.0518518
0 0.7697916 0.2888888 0.03125 0.0518518
0 0.753125 0.2555555 0.0229166 0.037037
0 0.7875 0.2759259 0.0375 0.0407407
2 0.8197916 0.25 0.03125 0.0555555
1 0.50625 0.3129629 0.0458333 0.0851851
