0 0.8166666 0.3388888 0.0458333 0.0629629
0 0.690625 0.3388888 0.04375 0.0703703
0 0.70625 0.3259259 0.0416666 0.0666666
2 0.7208333 0.3074074 0.0333333 0.074074
2 0.8 0.2574074 0.0208333 0.0481481
0 0.6583333 0.274074 0.0291666 0.037037
0 0.8166666 0.2666666 0.0166666 0.037037
2 0.821875 0.2574074 0.0229166 0.0407407
2 0.8197916 0.2314814 0.0270833 0.0185185
0 0.753125 0.2388888 0.01875 0.0259259
0 0.8416666 0.2555555 0.0208333 0.037037
0 0.86875 0.2518518 0.0208333 0.0296296
2 0.740625 0.2944444 0.0354166 0.0703703
0 0.7041666 0.2611111 0.025 0.0333333
0 0.771875 0.2481481 0.01875 0.0296296
0 0.6229166 0.3111111 0.0416666 0.0518518
0 0.4760416 0.774074 0.2729166 0.2962962
2 0.8520833 0.424074 0.0625 0.1444444
0 0.3625 0.4481481 0.1083333 0.1111111
0 0.4177083 0.3648148 0.0729166 0.0703703
0 0.5197916 0.3722222 0.06875 0.0851851
0 0.4854166 0.3333333 0.0708333 0.1333333
2 0.5697916 0.3037037 0.0479166 0.0592592
0 0.6052083 0.2907407 0.03125 0.0407407
0 0.8010416 0.3 0.0395833 0.0518518
0 0.7614583 0.2962962 0.01875 0.0518518
0 0.7697916 0.2888888 0.03125 0.0518518
0 0.75625 0.2574074 0.0208333 0.0333333
0 0.7864583 0.274074 0.0354166 0.037037
1 0.5229166 0.3018518 0.05 0.0777777
