0 0.590625 0.5111111 0.0729166 0.1111111
0 0.5625 0.6333333 0.1125 0.1703703
0 0.459375 0.8555555 0.1854166 0.2888888
0 0.290625 0.2759259 0.0229166 0.0407407
0 0.1229166 0.3814814 0.075 0.0592592
0 0.1552083 0.3703703 0.0520833 0.0518518
0 0.16875 0.3537037 0.0708333 0.0481481
0 0.0854166 0.3611111 0.0583333 0.0555555
0 0.2625 0.2777777 0.0333333 0.0444444
0 0.4479166 0.4259259 0.075 0.0814814
0 0.0645833 0.7296296 0.1291666 0.4666666
0 0.7416666 0.4333333 0.025 0.0666666
0 0.7927083 0.4277777 0.0479166 0.0629629
0 0.3614583 0.4777777 0.0895833 0.1111111
