1 0.7479166 0.3277777 0.1375 0.1296296
0 0.6125 0.3574074 0.0708333 0.0629629
1 0.5177083 0.4388888 0.1729166 0.2407407
0 0.4041666 0.4111111 0.0625 0.0888888
1 0.353125 0.3444444 0.0979166 0.1407407
0 0.2916666 0.4574074 0.075 0.1074074
0 0.23125 0.3314814 0.0375 0.0481481
0 0.2645833 0.2907407 0.0291666 0.0259259
0 0.2166666 0.3037037 0.0333333 0.0444444
0 0.2395833 0.2925925 0.025 0.0296296
0 0.1802083 0.3277777 0.0354166 0.0555555
0 0.1833333 0.4444444 0.0625 0.0962962
0 0.0802083 0.3 0.0270833 0.037037
0 0.1041666 0.5259259 0.1083333 0.2962962
2 0.48125 0.2907407 0.0583333 0.0777777
