2 0.8770833 0.3944444 0.0541666 0.1148148
0 0.8354166 0.3222222 0.0333333 0.0518518
0 0.8166666 0.2907407 0.0333333 0.0407407
0 0.6916666 0.3388888 0.0458333 0.0703703
0 0.7041666 0.3203703 0.0458333 0.0703703
0 0.7177083 0.3074074 0.0395833 0.0666666
0 0.7614583 0.3 0.0145833 0.0444444
0 0.76875 0.2888888 0.0291666 0.0518518
0 0.784375 0.2814814 0.03125 0.0444444
0 0.7916666 0.274074 0.0291666 0.0444444
2 0.7427083 0.2981481 0.0270833 0.0629629
2 0.8010416 0.2555555 0.0229166 0.037037
0 0.81875 0.2592592 0.0166666 0.0222222
2 0.81875 0.2462962 0.0291666 0.0481481
0 0.8395833 0.2555555 0.0208333 0.0296296
0 0.6322916 0.2851851 0.03125 0.037037
0 0.6864583 0.2648148 0.0270833 0.0333333
0 0.86875 0.2518518 0.0208333 0.0296296
0 0.28125 0.5203703 0.1 0.1444444
0 0.41875 0.4203703 0.0916666 0.1074074
0 0.278125 0.4111111 0.0895833 0.0888888
0 0.5666666 0.3333333 0.05 0.0592592
2 0.4989583 0.3222222 0.04375 0.0666666
0 0.4239583 0.3425925 0.0854166 0.137037
0 0.715625 0.2648148 0.0270833 0.0259259
0 0.746875 0.2629629 0.0270833 0.0296296
0 0.7520833 0.2555555 0.025 0.0296296
0 0.775 0.2537037 0.025 0.0333333
0 0.7989583 0.2296296 0.0145833 0.0148148
0 0.7864583 0.2407407 0.0145833 0.0222222
0 0.5666666 0.3 0.0333333 0.0296296
0 0.9625 0.9481481 0.075 0.1037037
1 0.4208333 0.3314814 0.0958333 0.1148148
