0 0.2802083 0.6703703 0.3479166 0.4222222
0 0.5791666 0.6314814 0.2333333 0.1592592
0 0.9395833 0.4537037 0.0541666 0.0851851
1 0.8072916 0.3351851 0.0229166 0.0259259
1 0.8489583 0.337037 0.0229166 0.0222222
0 0.8947916 0.3666666 0.0104166 0.0222222
0 0.884375 0.3666666 0.01875 0.0296296
0 0.8760416 0.3722222 0.0145833 0.0259259
0 0.8625 0.3703703 0.025 0.0296296
0 0.8458333 0.3759259 0.025 0.0407407
0 0.8145833 0.3907407 0.0333333 0.0555555
0 0.7875 0.4 0.0416666 0.0518518
2 0.7 0.3851851 0.0875 0.1259259
1 0.6239583 0.3796296 0.10625 0.1
0 0.565625 0.4 0.03125 0.0444444
0 0.4979166 0.3851851 0.05 0.0222222
2 0.4104166 0.4018518 0.075 0.0851851
0 0.53125 0.4203703 0.0916666 0.0777777
0 0.478125 0.4166666 0.08125 0.0703703
0 0.6083333 0.4296296 0.0875 0.074074
0 0.9375 0.3666666 0.0208333 0.0296296
0 0.9239583 0.3611111 0.0145833 0.0259259
0 0.7927083 0.3592592 0.0229166 0.0222222
