2 0.5302083 0.3537037 0.1979166 0.2555555
0 0.6375 0.3981481 0.0416666 0.0925925
0 0.334375 0.25 0.0395833 0.0629629
0 0.321875 0.2037037 0.0270833 0.037037
0 0.3052083 0.1796296 0.0229166 0.0259259
0 0.3270833 0.1722222 0.0166666 0.0259259
0 0.321875 0.1518518 0.0145833 0.0148148
0 0.365625 0.1592592 0.0145833 0.0222222
1 0.2729166 0.1703703 0.0291666 0.0592592
0 0.74375 0.2888888 0.0666666 0.0888888
0 0.6958333 0.2981481 0.0625 0.0555555
0 0.5645833 0.2407407 0.0458333 0.0444444
0 0.4979166 0.1925925 0.0291666 0.037037
0 0.45 0.2074074 0.0291666 0.037037
0 0.434375 0.1685185 0.0145833 0.0185185
0 0.4083333 0.1592592 0.0125 0.0222222
