0 0.6916666 0.337037 0.0458333 0.0666666
0 0.70625 0.324074 0.0416666 0.0629629
0 0.7208333 0.3092592 0.0333333 0.0703703
0 0.7614583 0.3 0.0145833 0.0444444
0 0.76875 0.287037 0.0291666 0.0481481
0 0.784375 0.2814814 0.03125 0.0444444
0 0.7916666 0.274074 0.0291666 0.0444444
2 0.7427083 0.2907407 0.0270833 0.0629629
2 0.8010416 0.2629629 0.0229166 0.0518518
2 0.8197916 0.25 0.0270833 0.0555555
0 0.8395833 0.2537037 0.0208333 0.0333333
0 0.4885416 0.3425925 0.05625 0.0629629
0 0.6083333 0.3037037 0.0416666 0.0444444
0 0.86875 0.2537037 0.0208333 0.0259259
0 0.24375 0.5981481 0.1208333 0.1814814
0 0.44375 0.4074074 0.0875 0.0962962
0 0.7583333 0.2462962 0.0166666 0.0259259
0 0.7833333 0.25 0.0166666 0.0259259
0 0.8177083 0.2629629 0.01875 0.037037
0 0.534375 0.3722222 0.06875 0.0777777
0 0.4229166 0.3722222 0.0708333 0.0777777
0 0.628125 0.3296296 0.0479166 0.0592592
0 0.6520833 0.2833333 0.0416666 0.0851851
0 0.68125 0.2796296 0.025 0.0333333
0 0.2645833 0.3944444 0.075 0.0925925
0 0.0697916 0.524074 0.1395833 0.1592592
0 0.7364583 0.2518518 0.0229166 0.0222222
1 0.7145833 0.2518518 0.0333333 0.0592592
0 0.7177083 0.4444444 0.08125 0.1111111
0 0.6947916 0.2907407 0.0270833 0.0333333
0 0.9375 0.5444444 0.125 0.1481481
0 0.6927083 0.2629629 0.01875 0.037037
0 0.0083333 0.5018518 0.0166666 0.0481481
0 0.6260416 0.8703703 0.4270833 0.2592592
