0 0.4864583 0.3111111 0.0604166 0.0444444
0 0.3854166 0.3 0.0458333 0.037037
0 0.3677083 0.274074 0.03125 0.0296296
0 0.4229166 0.3018518 0.05 0.0407407
1 0.153125 0.3759259 0.08125 0.1222222
0 0.978125 0.3518518 0.0354166 0.0592592
0 0.9739583 0.3685185 0.0270833 0.0407407
0 0.3270833 0.2814814 0.0375 0.037037
1 0.2260416 0.4333333 0.1479166 0.2074074
0 0.8083333 0.4518518 0.1333333 0.1037037
0 0.478125 0.3574074 0.09375 0.0703703
0 0.353125 0.3314814 0.0520833 0.0481481
0 0.3239583 0.3759259 0.08125 0.0851851
0 0.3364583 0.4481481 0.0729166 0.1111111
0 0.2708333 0.3092592 0.0416666 0.0703703
1 0.6697916 0.6944444 0.6604166 0.6111111
0 0.5364583 0.3444444 0.06875 0.0666666
0 0.2958333 0.3148148 0.0125 0.037037
