0 0.8666666 0.4203703 0.1041666 0.0777777
0 0.7260416 0.4518518 0.0979166 0.0888888
1 0.7489583 0.3222222 0.1354166 0.1185185
0 0.5635416 0.3796296 0.0729166 0.0777777
0 0.5677083 0.4629629 0.09375 0.1111111
1 0.3364583 0.3351851 0.0854166 0.1148148
0 0.3614583 0.3925925 0.04375 0.074074
0 0.26875 0.4277777 0.0625 0.0925925
0 0.171875 0.4055555 0.0479166 0.0777777
0 0.146875 0.3074074 0.03125 0.0444444
0 0.1677083 0.3018518 0.0270833 0.0333333
0 0.2677083 0.2925925 0.0270833 0.0296296
0 0.2302083 0.2962962 0.0270833 0.0296296
0 0.1010416 0.2925925 0.03125 0.0296296
1 0.446875 0.3907407 0.13125 0.1962962
0 0.0854166 0.4481481 0.0708333 0.2074074
