0 0.70625 0.4574074 0.0583333 0.0925925
0 0.9114583 0.4185185 0.0854166 0.0666666
0 0.5510416 0.3574074 0.06875 0.0703703
0 0.4604166 0.8537037 0.1916666 0.2925925
0 0.5614583 0.6333333 0.1104166 0.1777777
0 0.590625 0.5092592 0.0729166 0.1148148
0 0.0854166 0.3592592 0.0625 0.0518518
0 0.1645833 0.3481481 0.075 0.0444444
0 0.2895833 0.274074 0.025 0.037037
1 0.1666666 0.4518518 0.1 0.2
0 0.95 0.324074 0.05 0.0407407
0 0.1 0.3814814 0.0333333 0.0592592
0 0.465625 0.3722222 0.0645833 0.1222222
0 0.0333333 0.3814814 0.0541666 0.0444444
0 0.1135416 0.3425925 0.04375 0.0407407
1 0.0604166 0.7407407 0.1208333 0.4592592
