1 0.8802083 0.6166666 0.2395833 0.3962962
0 0.5802083 0.5296296 0.1354166 0.1481481
1 0.4510416 0.3962962 0.14375 0.1851851
0 0.34375 0.3574074 0.05 0.0703703
0 0.3208333 0.3037037 0.0333333 0.037037
0 0.2770833 0.2981481 0.0333333 0.0333333
0 0.2385416 0.2907407 0.0229166 0.0259259
0 0.2125 0.2944444 0.025 0.0259259
0 0.1645833 0.2888888 0.0333333 0.0296296
0 0.1145833 0.2888888 0.0291666 0.0296296
0 0.1416666 0.3296296 0.0333333 0.0518518
0 0.0895833 0.2944444 0.025 0.0333333
0 0.31875 0.3981481 0.0625 0.0777777
0 0.225 0.3777777 0.0541666 0.0814814
0 0.1864583 0.45 0.0645833 0.1074074
0 0.2927083 0.4537037 0.0770833 0.1
0 0.3010416 0.7111111 0.28125 0.4592592
1 0.7479166 0.3277777 0.1333333 0.1296296
2 0.4802083 0.2907407 0.0645833 0.0777777
