1 0.1895833 0.3259259 0.3791666 0.3555555
2 0.8583333 0.074074 0.0375 0.0444444
0 0.8333333 0.0685185 0.0333333 0.0333333
0 0.8125 0.0537037 0.025 0.0407407
0 0.7979166 0.0333333 0.0291666 0.037037
0 0.1625 0.1666666 0.0166666 0.037037
0 0.1166666 0.1907407 0.0416666 0.0407407
0 0.0802083 0.2055555 0.04375 0.0407407
0 0.821875 0.1481481 0.13125 0.1629629
2 0.95 0.1759259 0.0666666 0.0925925
1 0.2291666 0.1296296 0.125 0.0962962
2 0.5010416 0.1833333 0.3104166 0.2333333
0 0.5802083 0.0611111 0.0729166 0.0407407
0 0.671875 0.0518518 0.03125 0.0518518
