0 0.5666666 0.4611111 0.0916666 0.1
1 0.7510416 0.3277777 0.1354166 0.1148148
0 0.2375 0.2907407 0.0208333 0.0259259
0 0.2625 0.2759259 0.0166666 0.0185185
0 0.146875 0.2851851 0.01875 0.0222222
2 0.5020833 0.2944444 0.1 0.0851851
1 0.4395833 0.3888888 0.1291666 0.1777777
0 0.3572916 0.3851851 0.0395833 0.0814814
0 0.084375 0.4222222 0.0645833 0.1851851
0 0.2822916 0.2722222 0.0145833 0.0185185
1 0.3354166 0.3333333 0.0833333 0.1185185
0 0.2479166 0.2944444 0.0291666 0.0259259
0 0.7364583 0.45 0.10625 0.1074074
0 0.28125 0.2944444 0.0291666 0.0259259
0 0.2510416 0.3907407 0.05625 0.0703703
0 0.0739583 0.2925925 0.0229166 0.0222222
0 0.0854166 0.2925925 0.0166666 0.0222222
0 0.4833333 0.3222222 0.0333333 0.0222222
0 0.2729166 0.2759259 0.0083333 0.0185185
0 0.165625 0.3796296 0.0479166 0.0703703
0 0.1270833 0.3 0.0291666 0.037037
0 0.9760416 0.4555555 0.0479166 0.0814814
0 0.9739583 0.574074 0.0520833 0.0962962
0 0.0552083 0.2925925 0.0229166 0.0296296
