2 0.2770833 0.3462962 0.05 0.0925925
2 0.221875 0.3537037 0.1020833 0.1
0 0.3385416 0.4703703 0.0770833 0.0888888
0 0.215625 0.4851851 0.0770833 0.0814814
1 0.153125 0.424074 0.0979166 0.1222222
0 0.1197916 0.4814814 0.0645833 0.0888888
0 0.08125 0.4685185 0.0375 0.0703703
0 0.0958333 0.4277777 0.0208333 0.0333333
2 0.028125 0.4629629 0.0520833 0.1111111
0 0.05625 0.5185185 0.0625 0.0888888
0 0.75625 0.5703703 0.1833333 0.1407407
0 0.6958333 0.387037 0.0708333 0.0481481
0 0.646875 0.3574074 0.0645833 0.0851851
