1 0.7864583 0.2333333 0.05625 0.1037037
0 0.396875 0.1685185 0.0604166 0.0777777
0 0.571875 0.95 0.2145833 0.1
0 0.0760416 0.9277777 0.1520833 0.1444444
0 0.009375 0.7888888 0.01875 0.1259259
0 0.459375 0.5962962 0.2145833 0.2518518
0 0.709375 0.3814814 0.08125 0.1333333
0 0.5927083 0.2907407 0.0770833 0.0777777
0 0.6979166 0.2833333 0.0583333 0.0703703
0 0.6302083 0.2166666 0.04375 0.0481481
0 0.7270833 0.2074074 0.0291666 0.037037
0 0.7125 0.1851851 0.025 0.0296296
0 0.7489583 0.1777777 0.01875 0.0222222
0 0.453125 0.1925925 0.06875 0.0666666
0 0.4447916 0.1425925 0.04375 0.0407407
0 0.459375 0.1222222 0.0395833 0.0296296
0 0.590625 0.1629629 0.0354166 0.037037
0 0.640625 0.15 0.0229166 0.0259259
0 0.6604166 0.1592592 0.0208333 0.0222222
0 0.6583333 0.15 0.0166666 0.0185185
0 0.6708333 0.15 0.0125 0.0185185
0 0.6802083 0.15 0.0104166 0.0185185
0 0.7020833 0.1629629 0.0166666 0.0222222
0 0.640625 0.1481481 0.0229166 0.0222222
