0 0.51875 0.8759259 0.2708333 0.2481481
0 0.4 0.4148148 0.0916666 0.1481481
0 0.3104166 0.1981481 0.025 0.0333333
2 0.3645833 0.2055555 0.0583333 0.0925925
0 0.3958333 0.2129629 0.0208333 0.0407407
0 0.3083333 0.1759259 0.0208333 0.0259259
0 0.309375 0.1629629 0.0145833 0.0148148
0 0.3291666 0.1629629 0.0166666 0.0222222
1 0.284375 0.1555555 0.0229166 0.0444444
0 0.4697916 0.187037 0.0229166 0.0259259
0 0.4239583 0.1685185 0.01875 0.0259259
0 0.6145833 0.2481481 0.05 0.0518518
0 0.6145833 0.3074074 0.0625 0.074074
0 0.884375 0.374074 0.0854166 0.1185185
0 0.8520833 0.4203703 0.0958333 0.0925925
0 0.95625 0.4759259 0.0875 0.0851851
0 0.3333333 0.15 0.0125 0.0185185
