0 0.3385416 0.4722222 0.0770833 0.0851851
0 0.2145833 0.4833333 0.0791666 0.0851851
0 0.1208333 0.4814814 0.0666666 0.0888888
0 0.096875 0.4259259 0.0229166 0.037037
0 0.0583333 0.5203703 0.0625 0.0925925
0 0.0822916 0.4685185 0.0395833 0.0703703
2 0.23125 0.3518518 0.0833333 0.0962962
2 0.028125 0.4666666 0.0520833 0.1185185
1 0.1541666 0.4259259 0.1 0.1259259
0 0.3260416 0.3407407 0.0354166 0.0518518
2 0.2770833 0.3462962 0.0458333 0.0925925
0 0.0125 0.4203703 0.025 0.0481481
0 0.0229166 0.4 0.0333333 0.0222222
