0 0.590625 0.5111111 0.0729166 0.1111111
0 0.5625 0.6333333 0.1125 0.1703703
0 0.459375 0.8555555 0.1854166 0.2888888
0 0.3895833 0.4537037 0.0833333 0.1
0 0.2552083 0.2925925 0.0354166 0.0444444
0 0.290625 0.274074 0.0229166 0.037037
0 0.1229166 0.3833333 0.075 0.0629629
0 0.1541666 0.3722222 0.0541666 0.0481481
0 0.16875 0.3537037 0.0708333 0.0481481
0 0.0854166 0.3611111 0.0583333 0.0555555
0 0.94375 0.324074 0.0416666 0.0407407
0 0.03125 0.3796296 0.05 0.0407407
0 0.7260416 0.4425925 0.0604166 0.0777777
0 0.4697916 0.4148148 0.0770833 0.0814814
0 0.134375 0.6166666 0.21875 0.374074
