0 0.6427083 0.6388888 0.2104166 0.3
0 0.4916666 0.4148148 0.1166666 0.1555555
2 0.4229166 0.3166666 0.0833333 0.1074074
0 0.340625 0.2277777 0.0354166 0.0555555
2 0.359375 0.2462962 0.0354166 0.0703703
0 0.3208333 0.2129629 0.0333333 0.0481481
2 0.215625 0.187037 0.01875 0.0407407
0 0.3052083 0.1648148 0.0229166 0.0259259
0 0.246875 0.2648148 0.0354166 0.0629629
0 0.371875 0.1722222 0.0270833 0.0555555
0 0.4364583 0.2277777 0.0395833 0.0481481
1 0.4291666 0.1888888 0.0458333 0.0518518
0 0.3916666 0.1796296 0.0208333 0.0259259
0 0.3291666 0.1722222 0.0208333 0.0259259
0 0.484375 0.7407407 0.2270833 0.4222222
0 0.840625 0.6592592 0.2104166 0.2444444
0 0.834375 0.4481481 0.0854166 0.0962962
2 0.584375 0.2666666 0.0520833 0.074074
