0 0.690625 0.3388888 0.0479166 0.0703703
0 0.70625 0.324074 0.0416666 0.0629629
0 0.7208333 0.3074074 0.0333333 0.074074
0 0.7614583 0.3 0.0145833 0.0444444
0 0.76875 0.287037 0.0291666 0.0481481
0 0.784375 0.2814814 0.03125 0.0444444
0 0.7927083 0.274074 0.0270833 0.0444444
2 0.7395833 0.2962962 0.0333333 0.0666666
2 0.8010416 0.2629629 0.0229166 0.0518518
2 0.8197916 0.25 0.0270833 0.0555555
0 0.8395833 0.2537037 0.0208333 0.0333333
0 0.38125 0.374074 0.075 0.0814814
0 0.55 0.324074 0.05 0.0555555
0 0.86875 0.2537037 0.0208333 0.0259259
0 0.375 0.7777777 0.2416666 0.2962962
0 0.3510416 0.4574074 0.0979166 0.1222222
0 0.7479166 0.25 0.0208333 0.0259259
0 0.7802083 0.25 0.01875 0.0259259
0 0.8177083 0.2629629 0.01875 0.037037
0 0.465625 0.3944444 0.08125 0.0925925
0 0.6125 0.3351851 0.05 0.0629629
0 0.6270833 0.2888888 0.0416666 0.0962962
0 0.65625 0.2888888 0.0208333 0.037037
0 0.11875 0.437037 0.0958333 0.1111111
0 0.725 0.4 0.0666666 0.0888888
0 0.6770833 0.3018518 0.0333333 0.0481481
0 0.7916666 0.4796296 0.1 0.1222222
0 0.7520833 0.2648148 0.025 0.0333333
1 0.690625 0.2629629 0.0354166 0.0666666
0 0.265625 0.4314814 0.1020833 0.1148148
0 0.7229166 0.2592592 0.0208333 0.0296296
