1 0.740625 0.55 0.3395833 0.3666666
0 0.4833333 0.4629629 0.0958333 0.1185185
1 0.40625 0.374074 0.1208333 0.1703703
0 0.4739583 0.3277777 0.0395833 0.0481481
0 0.3 0.3 0.0333333 0.037037
0 0.3041666 0.3388888 0.0416666 0.0555555
0 0.2854166 0.3703703 0.05 0.0592592
0 0.2947916 0.4592592 0.0729166 0.1111111
0 0.2083333 0.3574074 0.0458333 0.0703703
0 0.2635416 0.2907407 0.0270833 0.0259259
0 0.2395833 0.2925925 0.025 0.0296296
0 0.2135416 0.2907407 0.0229166 0.0259259
0 0.159375 0.2888888 0.03125 0.0296296
0 0.1270833 0.3148148 0.0291666 0.0444444
0 0.1229166 0.2888888 0.0291666 0.0296296
0 0.0854166 0.2907407 0.025 0.0259259
0 0.1864583 0.4444444 0.0604166 0.0888888
0 0.184375 0.6407407 0.1854166 0.3703703
1 0.7479166 0.3277777 0.1333333 0.1296296
