0 0.7239583 0.4425925 0.0645833 0.0851851
0 0.5354166 0.3648148 0.0708333 0.0703703
0 0.4604166 0.8537037 0.1916666 0.2925925
0 0.5614583 0.6333333 0.1104166 0.1777777
0 0.590625 0.5092592 0.0729166 0.1148148
0 0.0854166 0.3592592 0.0625 0.0518518
0 0.165625 0.3481481 0.0729166 0.0444444
0 0.2895833 0.274074 0.025 0.037037
0 0.94375 0.3296296 0.0666666 0.0592592
0 0.453125 0.3796296 0.0645833 0.1296296
0 0.0333333 0.3814814 0.0541666 0.0444444
0 0.1114583 0.3851851 0.05625 0.0592592
1 0.1354166 0.4814814 0.1166666 0.2518518
0 0.159375 0.3351851 0.0604166 0.0333333
0 0.6760416 0.8796296 0.1729166 0.2333333
