0 0.3927083 0.3388888 0.0604166 0.0555555
0 0.4864583 0.3111111 0.0604166 0.0444444
0 0.3854166 0.3 0.0458333 0.037037
0 0.3677083 0.274074 0.03125 0.0296296
0 0.4229166 0.3018518 0.05 0.0407407
1 0.146875 0.3759259 0.06875 0.1222222
0 0.978125 0.3518518 0.0354166 0.0592592
0 0.9739583 0.3685185 0.0270833 0.0407407
0 0.6635416 0.3722222 0.10625 0.0851851
0 0.315625 0.3648148 0.08125 0.0629629
0 0.3322916 0.3166666 0.0354166 0.0407407
1 0.2114583 0.424074 0.13125 0.1888888
1 0.559375 0.6796296 0.55625 0.6259259
0 0.2979166 0.4259259 0.0541666 0.0962962
0 0.534375 0.3703703 0.1020833 0.074074
0 0.9885416 0.5314814 0.0229166 0.0703703
0 0.2927083 0.3074074 0.0479166 0.074074
