0 0.7760416 0.7 0.21875 0.3037037
0 0.3322916 0.4814814 0.11875 0.2518518
0 0.3541666 0.3037037 0.0583333 0.0814814
2 0.3458333 0.1833333 0.0416666 0.0777777
0 0.30625 0.1833333 0.0208333 0.0259259
0 0.3083333 0.1685185 0.0166666 0.0185185
0 0.3114583 0.1611111 0.0145833 0.0185185
1 0.2885416 0.1518518 0.0229166 0.037037
0 0.9604166 0.4277777 0.0791666 0.137037
0 0.8489583 0.474074 0.0979166 0.1185185
0 0.7104166 0.3 0.0666666 0.0666666
0 0.5010416 0.2 0.0270833 0.0296296
0 0.4416666 0.1777777 0.0208333 0.0296296
0 0.365625 0.187037 0.0145833 0.0333333
0 0.365625 0.1592592 0.0145833 0.0222222
2 0.8291666 0.8722222 0.3416666 0.2555555
