1 0.1895833 0.3259259 0.3791666 0.3555555
2 0.8583333 0.0759259 0.0375 0.0481481
0 0.8333333 0.0722222 0.0333333 0.0407407
0 0.8114583 0.0518518 0.0229166 0.037037
0 0.7979166 0.0333333 0.0291666 0.037037
0 0.1166666 0.1907407 0.0416666 0.0407407
0 0.0802083 0.2055555 0.04375 0.0407407
0 0.7895833 0.1407407 0.1375 0.1629629
2 0.9229166 0.1648148 0.0708333 0.0925925
1 0.196875 0.1425925 0.1104166 0.0925925
0 0.5854166 0.0629629 0.0625 0.0444444
0 0.6708333 0.0481481 0.0291666 0.0518518
2 0.5208333 0.1944444 0.275 0.2037037
