2 0.8229166 0.6981481 0.3541666 0.6037037
2 0.8614583 0.3981481 0.06875 0.0925925
0 0.6979166 0.2648148 0.0541666 0.0777777
0 0.6125 0.2537037 0.0458333 0.0407407
0 0.5041666 0.2074074 0.0333333 0.037037
0 0.4677083 0.1814814 0.0229166 0.0296296
0 0.4239583 0.1907407 0.0229166 0.0333333
0 0.425 0.1648148 0.0125 0.0185185
0 0.4052083 0.1574074 0.0104166 0.0185185
0 0.365625 0.1592592 0.0145833 0.0222222
0 0.36875 0.3018518 0.0583333 0.0851851
0 0.346875 0.2314814 0.0395833 0.0481481
0 0.3052083 0.1888888 0.0229166 0.0296296
0 0.325 0.1777777 0.0208333 0.0296296
0 0.3270833 0.1648148 0.0166666 0.0185185
1 0.2697916 0.1814814 0.0354166 0.0666666
0 0.3177083 0.1537037 0.0145833 0.0185185
