2 0.8895833 0.3685185 0.0458333 0.1
0 0.846875 0.3055555 0.03125 0.0481481
0 0.8291666 0.2814814 0.0291666 0.037037
0 0.690625 0.3388888 0.0479166 0.0703703
0 0.70625 0.324074 0.0416666 0.0629629
0 0.7208333 0.3092592 0.0333333 0.0703703
0 0.7614583 0.3 0.0145833 0.0444444
0 0.76875 0.287037 0.0291666 0.0481481
0 0.784375 0.2814814 0.03125 0.0444444
0 0.7916666 0.2777777 0.0291666 0.0444444
2 0.7427083 0.2981481 0.0270833 0.0629629
2 0.8010416 0.2629629 0.0229166 0.0518518
2 0.8197916 0.2444444 0.0270833 0.0444444
0 0.8395833 0.2537037 0.0208333 0.0333333
0 0.5979166 0.2981481 0.0333333 0.0407407
0 0.659375 0.274074 0.0270833 0.037037
0 0.8677083 0.2518518 0.01875 0.0296296
0 0.3947916 0.6592592 0.19375 0.2148148
0 0.271875 0.5037037 0.1104166 0.1481481
0 0.4885416 0.3666666 0.0604166 0.0666666
2 0.4166666 0.3444444 0.05 0.074074
0 0.7322916 0.2648148 0.03125 0.0259259
0 0.7375 0.2537037 0.0208333 0.0185185
0 0.775 0.2481481 0.0208333 0.0222222
0 0.6854166 0.2796296 0.0291666 0.0333333
0 0.6645833 0.3074074 0.0375 0.0444444
0 0.7427083 0.2462962 0.0145833 0.0185185
1 0.278125 0.3777777 0.1354166 0.1629629
0 0.7572916 0.2611111 0.0229166 0.0259259
0 0.790625 0.2388888 0.01875 0.0259259
0 0.3291666 0.3796296 0.1083333 0.1814814
0 0.50625 0.324074 0.0416666 0.0481481
0 0.8177083 0.2666666 0.0145833 0.037037
0 0.0322916 0.5092592 0.0645833 0.1148148
