1 0.790625 0.2222222 0.0479166 0.0888888
0 0.359375 0.1666666 0.0645833 0.0666666
0 0.6416666 0.8018518 0.2291666 0.3962962
0 0.2302083 0.8092592 0.3395833 0.3814814
0 0.2729166 0.5351851 0.2208333 0.2111111
0 0.5604166 0.4648148 0.1458333 0.1666666
0 0.725 0.3296296 0.0625 0.0962962
0 0.71875 0.2611111 0.05 0.0555555
0 0.6520833 0.2481481 0.0541666 0.0592592
0 0.6697916 0.2 0.03125 0.037037
0 0.740625 0.1981481 0.0229166 0.0333333
0 0.7291666 0.1796296 0.0208333 0.0259259
0 0.759375 0.174074 0.0145833 0.0222222
0 0.3541666 0.2222222 0.0875 0.0814814
0 0.44375 0.1425925 0.0416666 0.0407407
0 0.459375 0.1222222 0.0395833 0.0296296
0 0.559375 0.1666666 0.0395833 0.037037
0 0.5645833 0.1481481 0.025 0.0148148
0 0.5947916 0.1537037 0.0229166 0.0259259
0 0.6447916 0.1629629 0.0229166 0.0222222
0 0.640625 0.1481481 0.0229166 0.0222222
0 0.6604166 0.15 0.0166666 0.0185185
0 0.671875 0.15 0.0104166 0.0185185
0 0.6791666 0.15 0.0125 0.0185185
0 0.690625 0.1629629 0.01875 0.0222222
