0 0.6083333 0.6611111 0.1958333 0.3
0 0.5041666 0.3796296 0.1083333 0.1148148
1 0.2791666 0.2222222 0.0541666 0.1111111
0 0.3177083 0.2259259 0.0354166 0.0518518
0 0.31875 0.1962962 0.025 0.037037
0 0.3333333 0.1777777 0.0208333 0.0296296
0 0.309375 0.1592592 0.0145833 0.0222222
0 0.3666666 0.1592592 0.0166666 0.0222222
0 0.4 0.1777777 0.0166666 0.0296296
0 0.403125 0.1518518 0.0104166 0.0148148
0 0.44375 0.1796296 0.0208333 0.0259259
0 0.5104166 0.2037037 0.0291666 0.0296296
0 0.6302083 0.2296296 0.0395833 0.0666666
2 0.59375 0.2462962 0.0416666 0.0555555
0 0.078125 0.2777777 0.03125 0.0518518
0 0.0104166 0.374074 0.0208333 0.0444444
