0 0.9479166 0.2592592 0.0333333 0.0814814
0 0.3239583 0.1037037 0.05625 0.0518518
0 0.209375 0.0685185 0.03125 0.0481481
2 0.03125 0.5629629 0.0625 0.3851851
0 0.8114583 0.2722222 0.0395833 0.0777777
0 0.8395833 0.2592592 0.0333333 0.074074
0 0.8489583 0.2388888 0.03125 0.0555555
0 0.8625 0.2259259 0.0291666 0.0592592
0 0.8760416 0.2185185 0.0229166 0.0518518
0 0.884375 0.2111111 0.0229166 0.0444444
0 0.8895833 0.1981481 0.0208333 0.0407407
0 0.8979166 0.1925925 0.0208333 0.037037
0 0.8833333 0.3166666 0.0458333 0.0851851
0 0.8958333 0.2833333 0.0333333 0.0629629
