0 0.78125 0.624074 0.2083333 0.2037037
1 0.528125 0.437037 0.1979166 0.237037
0 0.4927083 0.7666666 0.39375 0.4592592
0 0.3864583 0.387037 0.0645833 0.0851851
0 0.3458333 0.424074 0.0708333 0.0925925
0 0.29375 0.4555555 0.0791666 0.1037037
0 0.2375 0.3962962 0.0583333 0.0888888
0 0.1864583 0.45 0.06875 0.1
0 0.153125 0.3481481 0.04375 0.0592592
0 0.1270833 0.2981481 0.0291666 0.0333333
0 0.1604166 0.287037 0.0375 0.0333333
0 0.2135416 0.2925925 0.0270833 0.0296296
0 0.2395833 0.2925925 0.025 0.0296296
0 0.2666666 0.2962962 0.0333333 0.037037
0 0.2927083 0.2981481 0.0270833 0.0333333
0 0.3666666 0.3111111 0.0416666 0.0444444
0 0.071875 0.2907407 0.03125 0.0259259
1 0.7479166 0.3277777 0.1333333 0.1222222
2 0.4989583 0.2944444 0.09375 0.0851851
