0 0.4625 0.8888888 0.2958333 0.2222222
0 0.2364583 0.8 0.3229166 0.4
0 0.778125 0.2981481 0.0479166 0.0777777
0 0.6895833 0.287037 0.0583333 0.0777777
0 0.796875 0.2444444 0.03125 0.0518518
0 0.8020833 0.2166666 0.0208333 0.0333333
2 0.7739583 0.1925925 0.0354166 0.0666666
2 0.753125 0.1833333 0.0270833 0.0481481
0 0.6635416 0.2037037 0.0395833 0.0444444
0 0.70625 0.1888888 0.0291666 0.037037
0 0.7052083 0.1648148 0.01875 0.0259259
0 0.6395833 0.1481481 0.0291666 0.0444444
0 0.5927083 0.1648148 0.0354166 0.0333333
0 0.5947916 0.1518518 0.0270833 0.0222222
0 0.4583333 0.1222222 0.0416666 0.037037
0 0.4458333 0.1407407 0.0416666 0.037037
