1 0.7604166 0.387037 0.1791666 0.2037037
0 0.6427083 0.6388888 0.2104166 0.3
0 0.4916666 0.4111111 0.1166666 0.1481481
0 0.5479166 0.2722222 0.0625 0.0629629
2 0.421875 0.3 0.0854166 0.1407407
0 0.4333333 0.2055555 0.0458333 0.0851851
0 0.3885416 0.2166666 0.0354166 0.0481481
2 0.3604166 0.2407407 0.0416666 0.074074
0 0.3385416 0.2277777 0.03125 0.0629629
0 0.284375 0.2314814 0.0354166 0.0555555
0 0.3197916 0.2111111 0.03125 0.0444444
0 0.3458333 0.187037 0.025 0.0333333
0 0.3895833 0.1814814 0.025 0.0296296
0 0.2489583 0.1944444 0.0229166 0.0333333
0 0.303125 0.1629629 0.0229166 0.0222222
0 0.2552083 0.1629629 0.0270833 0.0222222
