0 0.6427083 0.6388888 0.2145833 0.3
0 0.4927083 0.4129629 0.11875 0.1518518
2 0.425 0.3018518 0.0875 0.1444444
2 0.359375 0.2444444 0.0395833 0.074074
0 0.3385416 0.2296296 0.03125 0.0592592
0 0.3197916 0.2092592 0.03125 0.0481481
0 0.509375 0.25 0.06875 0.1222222
0 0.465625 0.2259259 0.0354166 0.0444444
0 0.2697916 0.1962962 0.0229166 0.037037
0 0.2427083 0.1796296 0.01875 0.0259259
0 0.3052083 0.1648148 0.0229166 0.0259259
0 0.3895833 0.1814814 0.025 0.0296296
0 0.3510416 0.1666666 0.01875 0.0222222
0 0.2802083 0.15 0.0145833 0.0259259
0 0.2635416 0.1537037 0.0145833 0.0185185
0 0.33125 0.174074 0.0208333 0.0296296
0 0.89375 0.5425925 0.1416666 0.1444444
0 0.4541666 0.2703703 0.0416666 0.074074
0 0.3729166 0.2092592 0.0333333 0.0407407
1 0.2510416 0.1518518 0.0145833 0.0296296
0 0.2322916 0.1629629 0.0270833 0.0222222
