1 0.746875 0.3222222 0.1354166 0.1111111
0 0.7520833 0.3962962 0.0916666 0.074074
0 0.5895833 0.3944444 0.0666666 0.0703703
0 0.56875 0.4629629 0.0875 0.1111111
1 0.4614583 0.4037037 0.13125 0.2
0 0.371875 0.3925925 0.0520833 0.0666666
1 0.3385416 0.3351851 0.0895833 0.1222222
0 0.265625 0.2925925 0.0270833 0.0296296
0 0.221875 0.2907407 0.03125 0.0259259
0 0.1979166 0.3148148 0.0291666 0.0444444
0 0.1614583 0.3148148 0.03125 0.0518518
0 0.2416666 0.2907407 0.0208333 0.0259259
0 0.1791666 0.4259259 0.0583333 0.0814814
0 0.2802083 0.4462962 0.06875 0.1074074
0 0.0885416 0.4722222 0.0770833 0.2407407
2 0.4802083 0.2907407 0.0645833 0.0777777
0 0.1479166 0.2944444 0.025 0.0333333
