1 0.5947916 0.4666666 0.2520833 0.2666666
0 0.9125 0.6944444 0.175 0.2185185
0 0.6510416 0.7759259 0.4645833 0.4407407
0 0.4156249 0.4037037 0.06875 0.0962962
0 0.346875 0.3092592 0.0395833 0.0407407
0 0.3583333 0.4351851 0.075 0.1
0 0.29375 0.4574074 0.075 0.1074074
0 0.2427083 0.4018518 0.0604166 0.1
0 0.2614583 0.2944444 0.03125 0.0333333
0 0.2833333 0.2962962 0.0208333 0.0296296
0 0.2385416 0.2907407 0.0229166 0.0259259
0 0.2145833 0.2925925 0.025 0.0296296
0 0.190625 0.2851851 0.0354166 0.0296296
0 0.1395833 0.3055555 0.0291666 0.0407407
0 0.1583333 0.3611111 0.0458333 0.0703703
0 0.1854166 0.4481481 0.0625 0.1037037
0 0.1552083 0.2981481 0.01875 0.0259259
0 0.0854166 0.287037 0.0291666 0.0259259
1 0.7479166 0.3277777 0.1333333 0.1296296
2 0.4854166 0.2944444 0.0666666 0.0925925
