0 0.3197916 0.2129629 0.03125 0.0481481
0 0.3395833 0.2296296 0.0333333 0.0592592
2 0.359375 0.2444444 0.0395833 0.0666666
0 0.49375 0.4129629 0.1166666 0.1518518
0 0.6447916 0.6388888 0.2104166 0.3
0 0.3395833 0.1814814 0.0208333 0.0296296
0 0.3604166 0.1962962 0.0291666 0.037037
0 0.3979166 0.224074 0.0458333 0.0407407
0 0.2427083 0.1759259 0.0270833 0.0259259
1 0.2510416 0.15 0.01875 0.0259259
0 0.2583333 0.1592592 0.0208333 0.0222222
2 0.2791666 0.15 0.0166666 0.0259259
0 0.3020833 0.1648148 0.0208333 0.0259259
0 0.325 0.1574074 0.0166666 0.0185185
0 0.3447916 0.1666666 0.01875 0.0296296
0 0.365625 0.1666666 0.01875 0.0222222
0 0.3802083 0.1648148 0.01875 0.0259259
0 0.434375 0.1907407 0.01875 0.0333333
0 0.4197916 0.2037037 0.0354166 0.037037
0 0.5229166 0.2555555 0.0583333 0.0592592
0 0.6802083 0.4925925 0.1520833 0.1703703
0 0.95625 0.6185185 0.0875 0.1481481
0 0.7979166 0.45 0.1666666 0.2777777
2 0.4229166 0.3111111 0.0833333 0.1259259
