0 0.834375 0.0777777 0.0354166 0.0518518
2 0.859375 0.0722222 0.0354166 0.0629629
0 0.9260416 0.1074074 0.03125 0.0444444
0 0.7958333 0.0314814 0.025 0.0407407
0 0.8125 0.0518518 0.025 0.037037
0 0.90625 0.1833333 0.1 0.0777777
0 0.5583333 0.1481481 0.1375 0.0814814
0 0.1822916 0.1592592 0.0604166 0.0444444
0 0.0916666 0.187037 0.0708333 0.0851851
1 0.2052083 0.324074 0.4104166 0.3666666
0 0.3072916 0.137037 0.0729166 0.037037
2 0.6541666 0.1851851 0.3416666 0.2592592
0 0.5395833 0.1462962 0.1 0.0851851
