1 0.1958333 0.4148148 0.1166666 0.1777777
1 0.14375 0.3722222 0.0625 0.1148148
0 0.978125 0.3518518 0.0354166 0.0592592
0 0.4854166 0.3092592 0.0625 0.0407407
0 0.9739583 0.3685185 0.0270833 0.0407407
0 0.4239583 0.3 0.0520833 0.0444444
0 0.9395833 0.4629629 0.1208333 0.0962962
2 0.9510416 0.5777777 0.0979166 0.3333333
0 0.65 0.4 0.125 0.0814814
0 0.4625 0.3518518 0.0708333 0.0592592
0 0.4260416 0.3296296 0.0645833 0.0518518
0 0.3854166 0.3 0.0458333 0.037037
0 0.3375 0.3111111 0.0583333 0.0888888
0 0.3677083 0.2759259 0.03125 0.0259259
0 0.3010416 0.3518518 0.0645833 0.037037
1 0.45 0.6037037 0.425 0.5037037
