0 0.8489583 0.5722222 0.1479166 0.1592592
0 0.64375 0.6388888 0.2125 0.3
1 0.6395833 0.3037037 0.1291666 0.1481481
0 0.4927083 0.4111111 0.11875 0.1481481
0 0.5 0.2425925 0.05 0.0555555
0 0.2947916 0.2537037 0.04375 0.0703703
2 0.359375 0.2425925 0.0395833 0.0777777
0 0.4177083 0.1981481 0.0395833 0.0777777
0 0.3729166 0.2074074 0.0333333 0.0444444
0 0.3395833 0.2277777 0.0333333 0.0629629
0 0.3208333 0.2092592 0.0333333 0.0481481
0 0.3385416 0.1814814 0.0229166 0.0296296
0 0.3760416 0.1722222 0.0229166 0.0259259
0 0.2489583 0.2037037 0.0229166 0.037037
0 0.2895833 0.1629629 0.025 0.0222222
0 0.2375 0.1629629 0.025 0.0222222
2 0.4229166 0.3092592 0.0833333 0.1222222
