0 0.109375 0.9425925 0.1854166 0.1148148
0 0.5666666 0.4592592 0.0916666 0.1037037
0 0.146875 0.3425925 0.0354166 0.0481481
0 0.2114583 0.3518518 0.0395833 0.0592592
0 0.0885416 0.2944444 0.0229166 0.0333333
0 0.1083333 0.287037 0.0333333 0.0259259
0 0.0552083 0.2944444 0.01875 0.0185185
0 0.0677083 0.2907407 0.01875 0.0259259
0 0.675 0.3944444 0.0791666 0.0703703
0 0.2416666 0.2944444 0.025 0.0259259
0 0.2625 0.2796296 0.0166666 0.0259259
0 0.2822916 0.2759259 0.0145833 0.0259259
0 0.2729166 0.2777777 0.0125 0.0222222
1 0.825 0.3462962 0.1416666 0.137037
2 0.5052083 0.2962962 0.10625 0.0888888
1 0.4395833 0.3925925 0.1291666 0.1851851
0 0.3572916 0.3851851 0.0395833 0.0814814
0 0.084375 0.4166666 0.0604166 0.1666666
1 0.3145833 0.3259259 0.0791666 0.1037037
