0 0.8572916 0.4814814 0.11875 0.1111111
0 0.9708333 0.4962962 0.0583333 0.0888888
0 0.7114583 0.587037 0.19375 0.2185185
0 0.875 0.9277777 0.225 0.1444444
1 0.2927083 0.2518518 0.0770833 0.1481481
0 0.3375 0.25 0.0291666 0.0629629
0 0.3229166 0.2074074 0.025 0.037037
0 0.3375 0.1833333 0.0208333 0.0333333
0 0.309375 0.1611111 0.0145833 0.0259259
0 0.6072916 0.2222222 0.0395833 0.0666666
2 0.5416666 0.2185185 0.0333333 0.0444444
0 0.4854166 0.1925925 0.025 0.0296296
0 0.3958333 0.174074 0.0166666 0.0222222
0 0.365625 0.1592592 0.0145833 0.0222222
