0 0.0166666 0.6425925 0.0333333 0.137037
0 0.6833333 0.5129629 0.125 0.1888888
0 0.571875 0.4148148 0.13125 0.1555555
0 0.7885416 0.2685185 0.0395833 0.0629629
0 0.8 0.2333333 0.0291666 0.0444444
0 0.8072916 0.2111111 0.01875 0.0296296
0 0.7291666 0.2425925 0.0416666 0.0555555
2 0.7822916 0.187037 0.03125 0.0555555
2 0.7625 0.1777777 0.0166666 0.037037
0 0.7302083 0.1814814 0.0229166 0.0296296
0 0.7010416 0.1925925 0.0270833 0.037037
0 0.6916666 0.1666666 0.0208333 0.0222222
0 0.6260416 0.1462962 0.0270833 0.0481481
0 0.64375 0.1481481 0.0166666 0.0222222
0 0.5958333 0.1537037 0.025 0.0259259
0 0.5385416 0.1703703 0.04375 0.037037
0 0.459375 0.124074 0.0395833 0.0333333
0 0.4447916 0.1425925 0.04375 0.0407407
