2 0.7614583 0.537037 0.29375 0.2592592
1 0.3854166 0.5537037 0.35 0.4185185
1 0.1947916 0.4129629 0.1229166 0.1814814
0 0.296875 0.3425925 0.0645833 0.0259259
0 0.4864583 0.3111111 0.0604166 0.0444444
0 0.9770833 0.3481481 0.0333333 0.0592592
0 0.7375 0.2944444 0.0458333 0.0407407
0 0.3833333 0.3018518 0.0416666 0.0407407
0 0.4239583 0.3 0.0520833 0.0444444
0 0.3677083 0.2759259 0.03125 0.0333333
0 0.9114583 0.3518518 0.03125 0.0444444
2 0.8802083 0.4 0.0854166 0.0962962
0 0.7645833 0.3907407 0.1458333 0.174074
1 0.3072916 0.3018518 0.0645833 0.0703703
