0 0.3260416 0.2833333 0.0395833 0.0407407
1 0.1947916 0.4148148 0.1145833 0.1777777
1 0.4010416 0.5648148 0.36875 0.4407407
1 0.14375 0.3722222 0.0625 0.1148148
0 0.978125 0.3518518 0.0354166 0.0592592
0 0.4854166 0.3111111 0.0625 0.0444444
0 0.9739583 0.3685185 0.0270833 0.0407407
0 0.55 0.3703703 0.0875 0.074074
0 0.6083333 0.3629629 0.0708333 0.074074
0 0.85 0.4685185 0.1458333 0.1
2 0.85625 0.5481481 0.2875 0.3851851
0 0.390625 0.3148148 0.0729166 0.1037037
0 0.3666666 0.274074 0.0291666 0.0296296
0 0.434375 0.3037037 0.03125 0.0444444
0 0.2989583 0.3462962 0.05625 0.0259259
