1 0.7020833 0.4666666 0.2166666 0.474074
1 0.8052083 0.1925925 0.0229166 0.0518518
0 0.0479166 0.2833333 0.0958333 0.1296296
0 0.3489583 0.6962962 0.28125 0.3333333
0 0.1052083 0.7055555 0.20625 0.3
0 0.5822916 0.2925925 0.0854166 0.0814814
0 0.6927083 0.2685185 0.04375 0.0555555
0 0.7604166 0.2203703 0.0291666 0.0407407
0 0.7916666 0.2166666 0.025 0.0333333
0 0.7333333 0.2018518 0.025 0.0333333
0 0.7729166 0.1944444 0.0208333 0.0259259
0 0.6822916 0.1962962 0.03125 0.037037
0 0.0989583 0.2962962 0.10625 0.1037037
0 0.4479166 0.1888888 0.0583333 0.0444444
0 0.446875 0.1425925 0.0354166 0.0407407
0 0.459375 0.1222222 0.0395833 0.0296296
0 0.53125 0.1814814 0.0458333 0.0444444
0 0.5666666 0.187037 0.0375 0.0481481
0 0.5958333 0.1518518 0.025 0.0222222
0 0.640625 0.15 0.0229166 0.0259259
0 0.659375 0.15 0.0145833 0.0185185
2 0.6697916 0.1592592 0.0145833 0.0222222
