0 0.3197916 0.2129629 0.03125 0.0481481
0 0.3395833 0.2296296 0.0333333 0.0592592
2 0.359375 0.2444444 0.0395833 0.0666666
2 0.4229166 0.3055555 0.0833333 0.137037
0 0.49375 0.4129629 0.1166666 0.1518518
0 0.6447916 0.6388888 0.2104166 0.3
0 0.3291666 0.174074 0.0208333 0.0296296
0 0.3479166 0.187037 0.025 0.0333333
0 0.3916666 0.2277777 0.0416666 0.0481481
0 0.2572916 0.1814814 0.0229166 0.0296296
1 0.2520833 0.1481481 0.0166666 0.0296296
0 0.21875 0.1629629 0.0208333 0.0222222
2 0.278125 0.15 0.01875 0.0259259
0 0.2791666 0.1629629 0.025 0.0222222
0 0.31875 0.1537037 0.0166666 0.0185185
0 0.3333333 0.1592592 0.0166666 0.0222222
0 0.3552083 0.1629629 0.01875 0.0222222
0 0.36875 0.1592592 0.0166666 0.0222222
0 0.4072916 0.1796296 0.0229166 0.0333333
0 0.378125 0.1814814 0.0270833 0.0296296
0 0.44375 0.2092592 0.0375 0.0407407
0 0.5302083 0.3425925 0.0895833 0.1
0 0.21875 0.174074 0.025 0.0222222
0 0.6791666 0.3518518 0.025 0.0592592
0 0.6229166 0.324074 0.1125 0.1814814
