0 0.721875 0.3037037 0.0479166 0.0444444
0 0.365625 0.2759259 0.0270833 0.0259259
0 0.3260416 0.2833333 0.0395833 0.0407407
1 0.1947916 0.4148148 0.1145833 0.1777777
0 0.2958333 0.3462962 0.0625 0.0259259
1 0.3864583 0.5555555 0.3479166 0.4222222
1 0.14375 0.3722222 0.0625 0.1148148
2 0.7604166 0.537037 0.2958333 0.2518518
0 0.978125 0.3481481 0.0354166 0.0518518
0 0.903125 0.3444444 0.0520833 0.0444444
0 0.9479166 0.45 0.1041666 0.2037037
0 0.4864583 0.3092592 0.0604166 0.0481481
1 0.4104166 0.3111111 0.0916666 0.0888888
0 0.2375 0.3111111 0.0291666 0.0296296
