2 0.6854166 0.4962962 0.3333333 0.4148148
0 0.8552083 0.5925925 0.0604166 0.1481481
2 0.9572916 0.4629629 0.0770833 0.1037037
0 0.7177083 0.2759259 0.05625 0.0851851
0 0.6447916 0.2722222 0.0520833 0.0481481
0 0.5260416 0.2203703 0.0395833 0.0407407
0 0.4791666 0.187037 0.025 0.0333333
0 0.4333333 0.1962962 0.025 0.037037
0 0.428125 0.1666666 0.0145833 0.0148148
0 0.40625 0.1574074 0.0125 0.0185185
0 0.365625 0.1592592 0.0145833 0.0222222
0 0.35 0.2777777 0.05 0.074074
0 0.334375 0.2166666 0.0354166 0.0407407
1 0.2708333 0.1759259 0.0333333 0.0629629
0 0.3052083 0.1851851 0.0229166 0.0296296
0 0.3260416 0.1759259 0.01875 0.0259259
0 0.31875 0.1518518 0.0125 0.0148148
