0 0.459375 0.1203703 0.0395833 0.0259259
1 0.76875 0.2703703 0.0791666 0.1629629
0 0.45625 0.1592592 0.05 0.0666666
0 0.078125 0.9518518 0.15625 0.0962962
0 0.259375 0.5518518 0.20625 0.2148148
0 0.6260416 0.5888888 0.1645833 0.2518518
0 0.6166666 0.3759259 0.1 0.1222222
0 0.4385416 0.3129629 0.1104166 0.0925925
0 0.678125 0.2388888 0.0479166 0.0555555
0 0.6614583 0.2037037 0.0395833 0.037037
0 0.725 0.1833333 0.0208333 0.0259259
0 0.8052083 0.2148148 0.0145833 0.0296296
0 0.80625 0.1981481 0.0166666 0.0259259
0 0.7916666 0.1888888 0.0166666 0.0222222
0 0.5416666 0.1722222 0.0375 0.0333333
0 0.5760416 0.174074 0.04375 0.0444444
0 0.596875 0.1537037 0.0229166 0.0259259
0 0.6385416 0.1611111 0.0270833 0.0259259
0 0.6854166 0.1611111 0.0208333 0.0185185
0 0.7208333 0.1629629 0.0166666 0.0222222
0 0.6583333 0.15 0.0166666 0.0185185
0 0.6697916 0.1518518 0.0145833 0.0148148
0 0.6802083 0.15 0.0104166 0.0185185
