0 0.5916666 0.5092592 0.075 0.1074074
0 0.5635416 0.6296296 0.1145833 0.1777777
0 0.4604166 0.8555555 0.1916666 0.2888888
0 0.1197916 0.3851851 0.0729166 0.0592592
0 0.1552083 0.3685185 0.0520833 0.0481481
0 0.0354166 0.3777777 0.0416666 0.0444444
0 0.0135416 0.387037 0.0270833 0.0703703
0 0.2541666 0.2944444 0.0375 0.0481481
0 0.2895833 0.2759259 0.025 0.0481481
0 0.1677083 0.3518518 0.0729166 0.0518518
0 0.0833333 0.3592592 0.0583333 0.0518518
0 0.1885416 0.5777777 0.1895833 0.3111111
0 0.4822916 0.4037037 0.0770833 0.074074
0 0.4010416 0.4481481 0.0770833 0.0962962
0 0.7208333 0.4481481 0.0666666 0.074074
0 0.9489583 0.3259259 0.0479166 0.0444444
