0 0.2385416 0.3814814 0.0520833 0.0666666
0 0.159375 0.3648148 0.04375 0.0555555
0 0.5666666 0.4611111 0.0916666 0.1
1 0.7635416 0.3296296 0.1395833 0.1259259
0 0.2395833 0.2925925 0.025 0.0296296
0 0.2614583 0.2759259 0.01875 0.0185185
0 0.1166666 0.3018518 0.025 0.0333333
0 0.1395833 0.2851851 0.0291666 0.0222222
2 0.5010416 0.2888888 0.0979166 0.074074
1 0.4395833 0.3888888 0.1291666 0.1777777
0 0.3572916 0.3851851 0.0395833 0.0814814
0 0.084375 0.4166666 0.0604166 0.1666666
0 0.2822916 0.274074 0.0145833 0.0222222
0 0.51875 0.3425925 0.05 0.0555555
1 0.3322916 0.3314814 0.0895833 0.1148148
0 0.2625 0.2962962 0.0291666 0.0296296
0 0.0927083 0.2944444 0.01875 0.0259259
0 0.9010416 0.5203703 0.1479166 0.137037
