1 0.6625 0.5129629 0.2916666 0.3148148
0 0.4979166 0.337037 0.0583333 0.0592592
0 0.4604166 0.45 0.0833333 0.1074074
1 0.3916666 0.3685185 0.1166666 0.1592592
0 0.3114583 0.3037037 0.0354166 0.0444444
0 0.3010416 0.2925925 0.0229166 0.0222222
0 0.265625 0.2925925 0.0270833 0.0296296
0 0.2385416 0.2925925 0.0270833 0.0296296
0 0.2135416 0.2944444 0.0229166 0.0259259
0 0.2854166 0.3259259 0.0375 0.0518518
0 0.2708333 0.3611111 0.0458333 0.0629629
0 0.2010416 0.3518518 0.04375 0.0666666
0 0.2927083 0.4555555 0.0729166 0.1037037
0 0.1864583 0.4481481 0.0604166 0.0888888
0 0.153125 0.6055555 0.1645833 0.3592592
0 0.1197916 0.3092592 0.0270833 0.0407407
0 0.1322916 0.2907407 0.03125 0.0259259
2 0.4802083 0.2888888 0.0645833 0.074074
1 0.7479166 0.3296296 0.1375 0.1259259
