0 0.834375 0.0777777 0.0354166 0.0518518
2 0.859375 0.0722222 0.0354166 0.0629629
0 0.7958333 0.0314814 0.025 0.0407407
0 0.8125 0.0518518 0.025 0.037037
0 0.0802083 0.2074074 0.0395833 0.0444444
0 0.0572916 0.1981481 0.03125 0.0407407
0 0.1197916 0.187037 0.0395833 0.0333333
1 0.1895833 0.3277777 0.3791666 0.3592592
0 0.89375 0.2018518 0.1166666 0.0925925
0 0.9729166 0.1537037 0.0416666 0.0481481
0 0.703125 0.1388888 0.0729166 0.0777777
0 0.4510416 0.1481481 0.1104166 0.0814814
0 0.20625 0.137037 0.1 0.0888888
2 0.5208333 0.187037 0.3166666 0.2407407
