0 0.44375 0.1425925 0.0416666 0.0407407
0 0.4583333 0.1222222 0.0375 0.0296296
1 0.7541666 0.3055555 0.1083333 0.2037037
0 0.4802083 0.1574074 0.0479166 0.0629629
0 0.50625 0.8092592 0.2875 0.3814814
0 0.5260416 0.4814814 0.1604166 0.1777777
0 0.1822916 0.4796296 0.1854166 0.1666666
0 0.6291666 0.2703703 0.0666666 0.0666666
0 0.615625 0.2222222 0.0479166 0.0518518
0 0.7083333 0.1888888 0.025 0.0296296
0 0.7958333 0.224074 0.0208333 0.0259259
0 0.8010416 0.2222222 0.01875 0.0296296
0 0.8020833 0.2111111 0.0125 0.0222222
0 0.8052083 0.2018518 0.01875 0.0259259
0 0.7864583 0.1907407 0.0145833 0.0185185
0 0.7489583 0.1759259 0.0145833 0.0185185
0 0.5770833 0.1685185 0.0333333 0.0333333
0 0.615625 0.1685185 0.0354166 0.0407407
0 0.5947916 0.1518518 0.0229166 0.0222222
0 0.640625 0.15 0.0229166 0.0259259
0 0.6552083 0.1611111 0.0229166 0.0259259
0 0.6625 0.15 0.0125 0.0185185
0 0.6708333 0.15 0.0125 0.0185185
0 0.6791666 0.15 0.0125 0.0185185
0 0.69375 0.1592592 0.0166666 0.0222222
0 0.7260416 0.1629629 0.0145833 0.0148148
