0 0.9302083 0.7074074 0.1145833 0.237037
0 0.921875 0.3314814 0.01875 0.0333333
0 0.440625 0.3759259 0.09375 0.0777777
0 0.953125 0.4851851 0.0479166 0.0962962
0 0.9052083 0.3537037 0.0270833 0.0481481
0 0.9552083 0.3962962 0.0354166 0.0666666
0 0.8333333 0.3685185 0.0458333 0.0555555
0 0.2677083 0.4314814 0.1270833 0.1
0 0.2197916 0.4166666 0.10625 0.0851851
0 0.403125 0.3537037 0.0979166 0.0925925
0 0.3479166 0.4888888 0.1333333 0.1481481
0 0.7885416 0.3296296 0.0520833 0.1037037
0 0.265625 0.7925925 0.3395833 0.3259259
