0 0.65 0.4851851 0.1375 0.2074074
0 0.765625 0.3111111 0.0520833 0.0814814
0 0.7104166 0.2629629 0.05 0.0666666
0 0.5333333 0.2685185 0.0791666 0.0777777
0 0.7989583 0.2425925 0.03125 0.0481481
0 0.8041666 0.2148148 0.025 0.0296296
0 0.8145833 0.2055555 0.0208333 0.0333333
0 0.7614583 0.2092592 0.0270833 0.0407407
2 0.7927083 0.1814814 0.0229166 0.0444444
2 0.7770833 0.1759259 0.0166666 0.0333333
0 0.7552083 0.1759259 0.01875 0.0259259
0 0.7375 0.1796296 0.0208333 0.0259259
0 0.7270833 0.1611111 0.0166666 0.0259259
0 0.696875 0.1592592 0.01875 0.0222222
0 0.6447916 0.1722222 0.03125 0.0333333
0 0.640625 0.15 0.0229166 0.0259259
0 0.6010416 0.1481481 0.03125 0.0518518
0 0.459375 0.124074 0.04375 0.0333333
0 0.4447916 0.1425925 0.04375 0.0407407
0 0.3739583 0.2037037 0.06875 0.0518518
