0 0.5239583 0.8166666 0.29375 0.3666666
0 0.3614583 0.6555555 0.2645833 0.3037037
0 0.7822916 0.2888888 0.0479166 0.074074
0 0.796875 0.2425925 0.03125 0.0481481
0 0.803125 0.2129629 0.0229166 0.0333333
2 0.7760416 0.1907407 0.0354166 0.0629629
2 0.753125 0.1833333 0.0229166 0.0407407
0 0.7010416 0.2722222 0.0520833 0.0703703
0 0.675 0.2018518 0.0375 0.0407407
0 0.7135416 0.187037 0.0270833 0.0407407
0 0.703125 0.1648148 0.0229166 0.0259259
0 0.6354166 0.1481481 0.025 0.0444444
0 0.5958333 0.1537037 0.025 0.0259259
0 0.5802083 0.1648148 0.0354166 0.0333333
0 0.459375 0.124074 0.0395833 0.0333333
0 0.4479166 0.1388888 0.0375 0.0407407
