0 0.64375 0.6407407 0.2125 0.3037037
0 0.6291666 0.3703703 0.0958333 0.0962962
2 0.8729166 0.4592592 0.0958333 0.1333333
0 0.4916666 0.4111111 0.1166666 0.1481481
0 0.3114583 0.2925925 0.05625 0.0888888
0 0.4572916 0.2185185 0.0395833 0.0444444
2 0.359375 0.2444444 0.0395833 0.0666666
0 0.4020833 0.1888888 0.0375 0.0666666
0 0.2489583 0.2148148 0.0270833 0.0444444
0 0.3385416 0.2277777 0.03125 0.0629629
0 0.321875 0.2111111 0.0354166 0.0518518
0 0.3572916 0.1907407 0.0270833 0.0333333
0 0.3302083 0.174074 0.0229166 0.0296296
0 0.3614583 0.1666666 0.0229166 0.0222222
0 0.26875 0.1629629 0.025 0.0222222
1 0.2510416 0.15 0.0145833 0.0333333
2 0.2229166 0.174074 0.0166666 0.037037
1 0.546875 0.25 0.09375 0.1074074
2 0.4229166 0.3111111 0.0833333 0.1259259
