1 0.7479166 0.3296296 0.1375 0.1259259
0 0.640625 0.3648148 0.0770833 0.0629629
0 0.5979166 0.4611111 0.0458333 0.1074074
1 0.503125 0.4333333 0.1645833 0.2222222
0 0.3958333 0.4074074 0.0625 0.0888888
1 0.3489583 0.3425925 0.09375 0.137037
0 0.403125 0.324074 0.0270833 0.0555555
0 0.265625 0.2925925 0.0270833 0.0296296
0 0.2395833 0.2925925 0.025 0.0296296
0 0.2041666 0.3 0.0291666 0.037037
0 0.225 0.3277777 0.0333333 0.0481481
0 0.2177083 0.2907407 0.01875 0.0259259
0 0.1760416 0.3259259 0.0354166 0.0592592
0 0.290625 0.4518518 0.0729166 0.1037037
0 0.0729166 0.2944444 0.025 0.0333333
2 0.4802083 0.2907407 0.0645833 0.0777777
0 0.1822916 0.4444444 0.0645833 0.0962962
0 0.0979166 0.5129629 0.1 0.2851851
