0 0.6177083 0.8703703 0.2645833 0.2592592
0 0.76875 0.3425925 0.0708333 0.0629629
0 0.6291666 0.2759259 0.0583333 0.0555555
0 0.5270833 0.2074074 0.0333333 0.037037
0 0.496875 0.2907407 0.0270833 0.0629629
0 0.4875 0.224074 0.025 0.0481481
2 0.4375 0.2685185 0.1166666 0.1666666
0 0.3208333 0.2277777 0.0333333 0.0481481
0 0.3135416 0.1907407 0.0229166 0.0333333
0 0.3052083 0.1722222 0.01875 0.0259259
0 0.328125 0.1666666 0.01875 0.0222222
1 0.2770833 0.1629629 0.0291666 0.0518518
0 0.365625 0.1592592 0.0145833 0.0222222
0 0.44375 0.1722222 0.0166666 0.0185185
0 0.4114583 0.1629629 0.0145833 0.0222222
0 0.7854166 0.3129629 0.0708333 0.1
