1 0.490625 0.6333333 0.4729166 0.5481481
1 0.190625 0.4148148 0.14375 0.1777777
0 0.5875 0.3851851 0.1166666 0.0814814
0 0.428125 0.3444444 0.06875 0.0592592
0 0.3052083 0.3592592 0.06875 0.0518518
0 0.4864583 0.3111111 0.0604166 0.0444444
0 0.3739583 0.3222222 0.05625 0.0444444
0 0.3854166 0.2981481 0.0458333 0.0333333
0 0.3677083 0.274074 0.03125 0.0296296
0 0.4229166 0.3018518 0.05 0.0407407
1 0.14375 0.3722222 0.0625 0.1148148
0 0.978125 0.3518518 0.0354166 0.0592592
0 0.9739583 0.3685185 0.0270833 0.0407407
0 0.3177083 0.3092592 0.0520833 0.0777777
0 0.8041666 0.4129629 0.1208333 0.0925925
