0 0.6916666 0.337037 0.0458333 0.0666666
0 0.70625 0.324074 0.0416666 0.0629629
0 0.7208333 0.3092592 0.0333333 0.0703703
0 0.7614583 0.3 0.0145833 0.0444444
0 0.76875 0.287037 0.0291666 0.0481481
0 0.784375 0.2814814 0.03125 0.0444444
0 0.7916666 0.274074 0.0291666 0.0444444
2 0.740625 0.2962962 0.03125 0.0666666
2 0.8010416 0.2629629 0.0229166 0.0518518
2 0.8197916 0.25 0.0270833 0.0555555
0 0.8395833 0.2537037 0.0208333 0.0333333
0 0.4322916 0.3574074 0.0645833 0.0703703
0 0.5770833 0.3129629 0.0458333 0.0481481
0 0.86875 0.2537037 0.0208333 0.0259259
0 0.2885416 0.6814814 0.1645833 0.2296296
0 0.3875 0.4333333 0.0958333 0.1111111
0 0.7510416 0.2462962 0.01875 0.0259259
0 0.7604166 0.2592592 0.0208333 0.0296296
0 0.8177083 0.2629629 0.01875 0.037037
0 0.5 0.3814814 0.075 0.0888888
0 0.3447916 0.4018518 0.08125 0.0925925
0 0.6177083 0.3333333 0.04375 0.0592592
0 0.6385416 0.287037 0.04375 0.0925925
0 0.6677083 0.287037 0.0229166 0.0333333
0 0.1895833 0.4185185 0.0833333 0.1037037
0 0.7302083 0.2537037 0.01875 0.0259259
1 0.70625 0.2537037 0.0375 0.0555555
0 0.7197916 0.4185185 0.06875 0.1037037
0 0.6885416 0.2981481 0.0354166 0.0407407
0 0.840625 0.5074074 0.1270833 0.1333333
0 0.9708333 0.9574074 0.0583333 0.0851851
