0 0.7020833 0.4666666 0.0625 0.0962962
0 0.5375 0.3777777 0.075 0.074074
0 0.4364583 0.4222222 0.0729166 0.0888888
0 0.3083333 0.4833333 0.1291666 0.2333333
0 0.5916666 0.5111111 0.0708333 0.1111111
0 0.565625 0.6314814 0.11875 0.174074
0 0.459375 0.8537037 0.1895833 0.2925925
0 0.246875 0.3055555 0.0395833 0.0481481
0 0.1197916 0.3814814 0.0729166 0.0666666
0 0.153125 0.3703703 0.05625 0.0444444
0 0.16875 0.3518518 0.0666666 0.0518518
0 0.0802083 0.3611111 0.0604166 0.0555555
0 0.0354166 0.3814814 0.0541666 0.0444444
0 0.95 0.3222222 0.0541666 0.0444444
