0 0.590625 0.5111111 0.0729166 0.1111111
0 0.5625 0.6333333 0.1125 0.1703703
0 0.459375 0.8555555 0.1854166 0.2888888
0 0.290625 0.274074 0.0229166 0.037037
0 0.1229166 0.3833333 0.075 0.0629629
0 0.1541666 0.3722222 0.0541666 0.0481481
0 0.16875 0.3537037 0.0708333 0.0481481
0 0.0854166 0.3611111 0.0583333 0.0555555
0 0.95 0.3203703 0.0541666 0.0407407
0 0.2625 0.2851851 0.0333333 0.0444444
0 0.3666666 0.4703703 0.0916666 0.1111111
0 0.45 0.424074 0.075 0.0851851
0 0.0645833 0.4055555 0.075 0.0555555
0 0.7385416 0.4333333 0.0354166 0.074074
0 0.7927083 0.4314814 0.03125 0.0555555
0 0.0760416 0.7203703 0.1520833 0.4777777
