0 0.7958333 0.3648148 0.05 0.0703703
0 0.275 0.5925925 0.1208333 0.2
0 0.784375 0.3203703 0.04375 0.0555555
0 0.1833333 0.4462962 0.1125 0.1
0 0.46875 0.4 0.0833333 0.0888888
0 0.690625 0.3388888 0.04375 0.0703703
0 0.70625 0.3259259 0.0416666 0.0666666
2 0.7208333 0.3074074 0.0333333 0.074074
0 0.7614583 0.2944444 0.0145833 0.0407407
0 0.7697916 0.2851851 0.03125 0.0296296
0 0.7864583 0.2777777 0.0354166 0.0444444
2 0.8010416 0.2629629 0.0229166 0.0592592
0 0.759375 0.2648148 0.0229166 0.0259259
0 0.6802083 0.2685185 0.0270833 0.0333333
0 0.8177083 0.2666666 0.0145833 0.037037
2 0.8208333 0.2574074 0.0208333 0.0407407
2 0.8197916 0.2314814 0.0270833 0.0185185
0 0.753125 0.237037 0.01875 0.0222222
0 0.8395833 0.2518518 0.0208333 0.037037
0 0.86875 0.2518518 0.0208333 0.0296296
2 0.7416666 0.2944444 0.0375 0.0703703
0 0.5895833 0.3425925 0.0541666 0.0703703
0 0.6385416 0.2814814 0.0270833 0.037037
0 0.8197916 0.2148148 0.0145833 0.0222222
2 0.8229166 0.1962962 0.0166666 0.0296296
2 0.86875 0.4666666 0.0958333 0.1703703
0 0.6760416 0.8111111 0.31875 0.3259259
0 0.7677083 0.2537037 0.0229166 0.0333333
0 0.7197916 0.2574074 0.0270833 0.0333333
0 0.7854166 0.2444444 0.0166666 0.0296296
0 0.8 0.2296296 0.0166666 0.0148148
0 0.66875 0.2962962 0.0333333 0.0444444
0 0.4958333 0.3481481 0.0291666 0.0592592
0 0.8135416 0.2018518 0.0145833 0.0185185
0 0.534375 0.3166666 0.0604166 0.1148148
1 0.5822916 0.2962962 0.0520833 0.0888888
