0 0.6895833 0.337037 0.05 0.074074
0 0.70625 0.3203703 0.0416666 0.0555555
0 0.7208333 0.3074074 0.0333333 0.074074
0 0.7614583 0.3 0.0145833 0.0444444
0 0.7677083 0.2888888 0.03125 0.0518518
0 0.7833333 0.2814814 0.0291666 0.0444444
0 0.7927083 0.274074 0.0270833 0.0444444
2 0.7395833 0.2962962 0.0333333 0.0666666
2 0.8010416 0.2629629 0.0229166 0.0518518
2 0.8197916 0.25 0.0270833 0.0555555
0 0.8395833 0.2537037 0.0208333 0.0333333
0 0.490625 0.3462962 0.0604166 0.0629629
0 0.86875 0.2537037 0.0208333 0.0259259
0 0.3135416 0.5074074 0.09375 0.1481481
0 0.7427083 0.25 0.01875 0.0259259
0 0.7708333 0.2555555 0.0208333 0.0296296
0 0.8177083 0.2629629 0.01875 0.037037
0 0.3947916 0.4259259 0.09375 0.1037037
0 0.5927083 0.3444444 0.05625 0.0666666
0 0.6041666 0.2925925 0.05 0.0962962
0 0.6322916 0.3 0.0145833 0.0444444
0 0.6625 0.3074074 0.0375 0.0444444
0 0.7583333 0.4407407 0.0708333 0.1037037
0 0.740625 0.2611111 0.0270833 0.0185185
0 0.071875 0.5037037 0.14375 0.1407407
0 0.715625 0.2611111 0.01875 0.0333333
0 0.271875 0.4129629 0.0979166 0.1
0 0.7395833 0.3722222 0.0625 0.0777777
1 0.6666666 0.2703703 0.0416666 0.0666666
0 0.0104166 0.4685185 0.0208333 0.0925925
0 0.709375 0.8944444 0.4270833 0.2111111
