0 0.834375 0.0777777 0.0354166 0.0518518
2 0.859375 0.0722222 0.0354166 0.0629629
0 0.7958333 0.0314814 0.025 0.0407407
0 0.8125 0.0518518 0.025 0.037037
0 0.178125 0.1611111 0.0520833 0.0481481
0 0.0791666 0.2074074 0.0375 0.0444444
0 0.0572916 0.1962962 0.03125 0.037037
0 0.1166666 0.187037 0.0333333 0.0333333
1 0.1895833 0.324074 0.3791666 0.3592592
0 0.5052083 0.1444444 0.0854166 0.0814814
0 0.9614583 0.2277777 0.0770833 0.0851851
0 0.9833333 0.1629629 0.0333333 0.0518518
0 0.7947916 0.1555555 0.1145833 0.0814814
0 0.2510416 0.1222222 0.10625 0.0962962
2 0.509375 0.1851851 0.31875 0.237037
