0 0.4583333 0.8537037 0.1916666 0.2925925
0 0.7177083 0.6944444 0.10625 0.2037037
0 0.5614583 0.637037 0.1145833 0.1851851
0 0.590625 0.5111111 0.06875 0.1111111
0 0.7 0.4574074 0.0666666 0.1
0 0.634375 0.3407407 0.06875 0.0592592
0 0.5010416 0.3407407 0.0604166 0.1037037
1 0.371875 0.4425925 0.1770833 0.2111111
1 0.1291666 0.4129629 0.1458333 0.1444444
0 0.0791666 0.75 0.1583333 0.2481481
0 0.028125 0.3796296 0.0520833 0.0481481
0 0.9489583 0.3296296 0.05625 0.0592592
0 0.165625 0.3481481 0.0729166 0.0444444
0 0.2895833 0.2777777 0.0208333 0.037037
