0 0.9520833 0.4314814 0.0458333 0.0703703
0 0.6072916 0.4296296 0.0854166 0.074074
0 0.53125 0.4203703 0.0916666 0.0777777
0 0.4770833 0.4166666 0.0791666 0.0703703
0 0.5 0.3833333 0.05 0.0185185
0 0.9375 0.3666666 0.0208333 0.0296296
2 0.4104166 0.4037037 0.075 0.0888888
1 0.628125 0.3814814 0.1020833 0.1037037
0 0.5645833 0.3981481 0.0291666 0.0481481
2 0.7 0.3833333 0.0875 0.1296296
0 0.7791666 0.3611111 0.025 0.0259259
0 0.7864583 0.4 0.0395833 0.0592592
0 0.8125 0.387037 0.0375 0.0555555
0 0.8479166 0.374074 0.025 0.037037
0 0.8614583 0.3703703 0.0229166 0.0296296
0 0.8760416 0.3703703 0.01875 0.0222222
0 0.8822916 0.3629629 0.0229166 0.0296296
0 0.896875 0.3629629 0.0145833 0.0222222
0 0.053125 0.6314814 0.10625 0.3592592
0 0.0604166 0.4851851 0.1166666 0.0962962
0 0.9239583 0.7277777 0.1520833 0.1592592
