0 0.678125 0.4388888 0.1145833 0.174074
0 0.7708333 0.2981481 0.05 0.0703703
0 0.71875 0.2518518 0.0458333 0.0592592
0 0.5645833 0.2537037 0.075 0.0703703
0 0.7979166 0.237037 0.0291666 0.0444444
0 0.8052083 0.2166666 0.0229166 0.0333333
0 0.8177083 0.2055555 0.0229166 0.0333333
0 0.7645833 0.2074074 0.025 0.037037
2 0.7947916 0.1814814 0.0229166 0.0444444
2 0.7791666 0.1759259 0.0166666 0.0333333
0 0.7583333 0.1759259 0.0166666 0.0259259
0 0.740625 0.1796296 0.01875 0.0259259
0 0.6947916 0.1592592 0.01875 0.0222222
0 0.640625 0.1481481 0.0229166 0.0296296
0 0.6354166 0.1722222 0.0333333 0.0333333
0 0.596875 0.1462962 0.03125 0.0481481
0 0.459375 0.1222222 0.0395833 0.0296296
0 0.4447916 0.1425925 0.04375 0.0407407
0 0.3385416 0.2148148 0.0770833 0.0592592
