1 0.296875 0.8222222 0.59375 0.3555555
0 0.5697916 0.1481481 0.0354166 0.0518518
0 0.0385416 0.3425925 0.0770833 0.0925925
0 0.4385416 0.3129629 0.10625 0.1
0 0.753125 0.3148148 0.0604166 0.0962962
0 0.7864583 0.2555555 0.0354166 0.0518518
0 0.6697916 0.2018518 0.0354166 0.0407407
0 0.75 0.2203703 0.0291666 0.0407407
0 0.8010416 0.2222222 0.0229166 0.037037
0 0.80625 0.2055555 0.0166666 0.0259259
0 0.7802083 0.1944444 0.01875 0.0259259
0 0.5583333 0.187037 0.0458333 0.0407407
0 0.671875 0.1629629 0.01875 0.0222222
0 0.7052083 0.1611111 0.01875 0.0259259
0 0.7583333 0.1759259 0.0125 0.0185185
0 0.771875 0.174074 0.0145833 0.0148148
0 0.596875 0.1518518 0.0229166 0.0222222
0 0.6416666 0.15 0.0208333 0.0259259
0 0.6614583 0.1537037 0.01875 0.0185185
0 0.6708333 0.1481481 0.0125 0.0148148
0 0.6802083 0.15 0.0145833 0.0185185
0 0.459375 0.1222222 0.0395833 0.0296296
0 0.4447916 0.1407407 0.0395833 0.0444444
