0 0.3208333 0.5629629 0.1125 0.1777777
0 0.7614583 0.4129629 0.0645833 0.0925925
0 0.33125 0.4481481 0.1041666 0.1111111
0 0.1541666 0.4537037 0.1166666 0.1148148
0 0.753125 0.3518518 0.05625 0.0666666
0 0.43125 0.3629629 0.0666666 0.0666666
0 0.5708333 0.3574074 0.0625 0.0703703
0 0.690625 0.3388888 0.04375 0.0703703
0 0.65 0.3129629 0.0458333 0.0481481
0 0.70625 0.324074 0.0416666 0.0629629
0 0.7208333 0.3055555 0.0333333 0.0703703
2 0.7416666 0.2907407 0.0375 0.0629629
0 0.7625 0.2962962 0.0166666 0.0444444
0 0.7697916 0.2925925 0.03125 0.0444444
0 0.7864583 0.2814814 0.0395833 0.0518518
2 0.8010416 0.2629629 0.0270833 0.0592592
2 0.784375 0.2444444 0.0229166 0.0296296
0 0.7645833 0.2611111 0.025 0.0333333
0 0.5875 0.3 0.0541666 0.1037037
0 0.70625 0.2629629 0.025 0.0296296
0 0.8177083 0.2666666 0.0145833 0.037037
2 0.821875 0.2574074 0.0229166 0.0407407
2 0.8197916 0.2314814 0.0270833 0.0185185
0 0.6760416 0.2759259 0.01875 0.0333333
0 0.7364583 0.2518518 0.0229166 0.0296296
0 0.75 0.237037 0.0208333 0.0222222
0 0.840625 0.2537037 0.01875 0.0407407
0 0.8697916 0.2518518 0.01875 0.0296296
1 0.8072916 0.2037037 0.0145833 0.0222222
0 0.7229166 0.2648148 0.025 0.0185185
0 0.8020833 0.2314814 0.0125 0.0185185
0 0.8135416 0.2185185 0.01875 0.0148148
0 0.81875 0.2129629 0.0166666 0.0185185
0 0.8302083 0.2166666 0.0104166 0.0185185
2 0.6447916 0.274074 0.0479166 0.074074
