0 0.3677083 0.2759259 0.03125 0.0259259
0 0.3260416 0.2833333 0.0395833 0.0407407
1 0.1947916 0.4148148 0.1145833 0.1777777
0 0.2958333 0.3462962 0.0625 0.0259259
1 0.3864583 0.5555555 0.3479166 0.4222222
1 0.14375 0.3722222 0.0625 0.1148148
2 0.7614583 0.4925925 0.33125 0.3407407
0 0.978125 0.3518518 0.0354166 0.0592592
0 0.3854166 0.3 0.0458333 0.037037
0 0.4229166 0.3018518 0.0541666 0.0407407
0 0.9614583 0.4722222 0.0770833 0.0851851
0 0.746875 0.2944444 0.0229166 0.0333333
2 0.5520833 0.3388888 0.0166666 0.0333333
0 0.746875 0.4277777 0.0895833 0.0851851
0 0.5 0.3351851 0.1 0.1296296
