2 0.7614583 0.537037 0.29375 0.2592592
1 0.3854166 0.5537037 0.35 0.4185185
1 0.1947916 0.4129629 0.1229166 0.1814814
0 0.296875 0.3425925 0.0645833 0.0259259
0 0.4864583 0.3111111 0.0604166 0.0444444
0 0.9770833 0.3481481 0.0333333 0.0592592
0 0.821875 0.3907407 0.1520833 0.1592592
2 0.9510416 0.4277777 0.08125 0.1148148
0 0.9104166 0.35 0.0375 0.0481481
0 0.7333333 0.3 0.0458333 0.0444444
0 0.4229166 0.3 0.0541666 0.0444444
0 0.3854166 0.3018518 0.0375 0.0333333
1 0.3333333 0.3037037 0.0708333 0.074074
0 0.3697916 0.2796296 0.03125 0.0333333
