0 0.8104166 0.3481481 0.0458333 0.0666666
0 0.3833333 0.7074074 0.2125 0.2592592
0 0.7958333 0.3092592 0.0416666 0.0481481
0 0.39375 0.4314814 0.1 0.1074074
0 0.690625 0.3388888 0.04375 0.0703703
0 0.70625 0.3259259 0.0416666 0.0666666
2 0.7197916 0.3074074 0.03125 0.074074
0 0.7604166 0.2962962 0.0166666 0.0444444
0 0.7864583 0.2722222 0.0354166 0.0333333
2 0.8010416 0.2629629 0.0229166 0.0592592
0 0.8177083 0.2666666 0.0145833 0.037037
2 0.8208333 0.2574074 0.0208333 0.0407407
2 0.8197916 0.2314814 0.0270833 0.0185185
0 0.7541666 0.237037 0.0166666 0.0222222
0 0.8416666 0.2537037 0.0208333 0.0407407
0 0.86875 0.2518518 0.0208333 0.0296296
2 0.7416666 0.2944444 0.0375 0.0703703
0 0.5427083 0.3648148 0.0645833 0.0777777
2 0.8489583 0.437037 0.06875 0.1407407
0 0.7125 0.2574074 0.025 0.0333333
0 0.7791666 0.2462962 0.0208333 0.0259259
0 0.496875 0.3314814 0.0645833 0.1222222
1 0.540625 0.2962962 0.05625 0.074074
0 0.4427083 0.3555555 0.0604166 0.0666666
0 0.6145833 0.2907407 0.0291666 0.0407407
0 0.76875 0.2925925 0.0291666 0.0444444
0 0.6375 0.3074074 0.0375 0.0518518
0 0.6645833 0.274074 0.0291666 0.037037
0 0.7552083 0.2592592 0.03125 0.037037
0 0.025 0.5166666 0.05 0.1074074
