0 0.4447916 0.1425925 0.04375 0.0407407
0 0.459375 0.1222222 0.0395833 0.0296296
1 0.3635416 0.7037037 0.7270833 0.5925925
0 0.559375 0.15 0.0354166 0.0555555
0 0.5291666 0.2629629 0.075 0.074074
0 0.7635416 0.2925925 0.0520833 0.0814814
0 0.790625 0.2481481 0.03125 0.0444444
0 0.803125 0.2203703 0.0229166 0.0333333
0 0.8052083 0.2074074 0.01875 0.0222222
0 0.80625 0.2018518 0.0166666 0.0185185
0 0.7583333 0.2129629 0.025 0.0333333
0 0.784375 0.1925925 0.01875 0.0222222
0 0.6875 0.1962962 0.0291666 0.037037
0 0.5177083 0.1981481 0.05625 0.0481481
0 0.5947916 0.1518518 0.0229166 0.0222222
0 0.640625 0.1481481 0.0229166 0.0222222
0 0.6625 0.1592592 0.0208333 0.0222222
0 0.6583333 0.1518518 0.0166666 0.0148148
0 0.6708333 0.15 0.0125 0.0185185
0 0.6791666 0.15 0.0125 0.0185185
0 0.696875 0.1611111 0.0229166 0.0259259
0 0.7239583 0.1592592 0.0145833 0.0148148
