0 0.7979166 0.3611111 0.05 0.0703703
0 0.2864583 0.6129629 0.13125 0.2037037
0 0.7864583 0.3203703 0.04375 0.0555555
0 0.146875 0.4611111 0.11875 0.1074074
0 0.4552083 0.4055555 0.0854166 0.0925925
0 0.690625 0.3388888 0.04375 0.0703703
0 0.70625 0.3259259 0.0416666 0.0666666
2 0.7208333 0.3074074 0.0333333 0.074074
0 0.7614583 0.2962962 0.0145833 0.0444444
0 0.7864583 0.2777777 0.0354166 0.0444444
2 0.8010416 0.2629629 0.0229166 0.0592592
0 0.7604166 0.2611111 0.025 0.0259259
0 0.678125 0.2703703 0.0270833 0.037037
0 0.8177083 0.2666666 0.0145833 0.037037
2 0.8208333 0.2574074 0.0208333 0.0407407
2 0.8197916 0.2314814 0.0270833 0.0185185
0 0.7541666 0.2388888 0.0166666 0.0259259
0 0.8395833 0.2518518 0.0208333 0.037037
0 0.86875 0.2518518 0.0208333 0.0296296
2 0.7416666 0.2944444 0.0375 0.0703703
0 0.5822916 0.3481481 0.05625 0.074074
0 0.8197916 0.2148148 0.0145833 0.0222222
2 0.8270833 0.1944444 0.0166666 0.0259259
2 0.8625 0.4611111 0.0875 0.1666666
0 0.7625 0.8351851 0.35 0.3296296
0 0.7645833 0.2518518 0.0208333 0.037037
0 0.7177083 0.2574074 0.0229166 0.0333333
0 0.7822916 0.2462962 0.01875 0.0259259
0 0.7989583 0.2314814 0.01875 0.0185185
0 0.6635416 0.2981481 0.0354166 0.0481481
0 0.8145833 0.2018518 0.0166666 0.0185185
0 0.5270833 0.3185185 0.0583333 0.1185185
1 0.5739583 0.2981481 0.05625 0.0925925
0 0.484375 0.3407407 0.0354166 0.0592592
0 0.6333333 0.2851851 0.0291666 0.0444444
0 0.7697916 0.2888888 0.03125 0.0444444
