1 0.7958333 0.2092592 0.0375 0.0703703
0 0.2895833 0.1925925 0.075 0.0962962
0 0.7395833 0.5018518 0.1083333 0.1814814
0 0.4833333 0.537037 0.2041666 0.2444444
0 0.1395833 0.5203703 0.1833333 0.1814814
0 0.646875 0.3555555 0.0895833 0.1037037
0 0.5760416 0.3 0.0854166 0.0814814
0 0.740625 0.2759259 0.04375 0.0703703
0 0.7458333 0.2407407 0.0375 0.0444444
0 0.7072916 0.2203703 0.0395833 0.0407407
0 0.7114583 0.187037 0.0229166 0.0333333
0 0.75625 0.1888888 0.0208333 0.0296296
0 0.7479166 0.1759259 0.0166666 0.0185185
0 0.1 0.3185185 0.1166666 0.1333333
0 0.1989583 0.2629629 0.0854166 0.0666666
0 0.4854166 0.174074 0.0541666 0.0518518
0 0.446875 0.1407407 0.0354166 0.037037
0 0.459375 0.1222222 0.0395833 0.0296296
0 0.5947916 0.1518518 0.0229166 0.0222222
0 0.6125 0.1629629 0.0291666 0.0296296
0 0.640625 0.1481481 0.0229166 0.0222222
0 0.6666666 0.1666666 0.025 0.0296296
0 0.7010416 0.1666666 0.0229166 0.0222222
0 0.6583333 0.15 0.0125 0.0185185
0 0.6708333 0.15 0.0166666 0.0185185
0 0.6802083 0.1518518 0.0104166 0.0148148
