0 0.3197916 0.2129629 0.03125 0.0481481
0 0.3395833 0.2296296 0.0333333 0.0592592
2 0.359375 0.2444444 0.0395833 0.0666666
0 0.49375 0.4129629 0.1166666 0.1518518
0 0.6447916 0.6388888 0.2104166 0.3
0 0.3364583 0.1777777 0.0229166 0.0296296
0 0.3583333 0.1981481 0.0291666 0.0333333
0 0.396875 0.224074 0.04375 0.0407407
0 0.2447916 0.1759259 0.0270833 0.0259259
1 0.2520833 0.15 0.0166666 0.0259259
0 0.2541666 0.1592592 0.0208333 0.0222222
2 0.2791666 0.15 0.0166666 0.0259259
0 0.3010416 0.1629629 0.0229166 0.0222222
0 0.325 0.1574074 0.0166666 0.0185185
0 0.3427083 0.1648148 0.01875 0.0259259
0 0.3645833 0.1666666 0.0208333 0.0222222
0 0.3791666 0.1629629 0.0166666 0.0222222
0 0.4302083 0.1888888 0.0229166 0.037037
0 0.4145833 0.2 0.0375 0.037037
0 0.5114583 0.25 0.05625 0.0555555
0 0.934375 0.5925925 0.13125 0.1629629
0 0.7760416 0.4333333 0.1604166 0.2592592
2 0.4229166 0.3111111 0.0833333 0.1259259
0 0.659375 0.4703703 0.14375 0.1481481
