0 0.64375 0.6388888 0.2125 0.3
0 0.8020833 0.5259259 0.1375 0.1481481
2 0.9833333 0.5666666 0.0333333 0.1111111
0 0.4916666 0.4111111 0.1166666 0.1481481
1 0.6208333 0.2944444 0.1208333 0.137037
2 0.421875 0.3 0.0854166 0.1407407
0 0.4916666 0.2388888 0.05 0.0481481
0 0.4145833 0.1944444 0.0416666 0.0777777
2 0.359375 0.2444444 0.0395833 0.074074
0 0.296875 0.2611111 0.04375 0.0703703
0 0.2489583 0.2037037 0.0229166 0.037037
0 0.3395833 0.2277777 0.0333333 0.0629629
0 0.3697916 0.2037037 0.03125 0.0444444
0 0.3197916 0.2111111 0.03125 0.0518518
0 0.3364583 0.1777777 0.0229166 0.0296296
0 0.371875 0.1722222 0.0229166 0.0259259
0 0.234375 0.1629629 0.0229166 0.0222222
0 0.2854166 0.1629629 0.025 0.0222222
1 0.25 0.15 0.0166666 0.0333333
