0 0.9302083 0.7074074 0.1145833 0.237037
0 0.9302083 0.3148148 0.0145833 0.0296296
0 0.440625 0.3759259 0.09375 0.0777777
0 0.953125 0.4851851 0.0479166 0.0962962
0 0.9208333 0.3277777 0.0208333 0.0333333
0 0.9552083 0.3962962 0.0354166 0.0666666
0 0.875 0.3314814 0.0291666 0.0407407
0 0.2677083 0.4314814 0.1270833 0.1
0 0.21875 0.4185185 0.1083333 0.0888888
0 0.3927083 0.3555555 0.1020833 0.0962962
0 0.3333333 0.4962962 0.1333333 0.1481481
0 0.8239583 0.3148148 0.04375 0.0814814
0 0.7447916 0.4351851 0.0895833 0.1
2 0.8645833 0.274074 0.0166666 0.0222222
