0 0.6885416 0.3388888 0.0479166 0.0703703
0 0.70625 0.3203703 0.0416666 0.0555555
0 0.7208333 0.3074074 0.0333333 0.074074
0 0.7614583 0.3 0.0145833 0.0444444
0 0.7677083 0.2888888 0.03125 0.0518518
0 0.7833333 0.2814814 0.0291666 0.0444444
0 0.7927083 0.274074 0.0270833 0.0444444
2 0.7395833 0.2962962 0.0333333 0.0666666
2 0.8010416 0.2629629 0.0229166 0.0518518
2 0.8197916 0.25 0.0270833 0.0555555
0 0.8395833 0.2537037 0.0208333 0.0333333
0 0.528125 0.3314814 0.0520833 0.0555555
0 0.86875 0.2537037 0.0208333 0.0259259
0 0.4760416 0.8462962 0.3104166 0.3074074
0 0.3302083 0.474074 0.0979166 0.1259259
0 0.7458333 0.25 0.0208333 0.0259259
0 0.7770833 0.2555555 0.0208333 0.0296296
0 0.8177083 0.2629629 0.01875 0.037037
0 0.440625 0.4055555 0.0895833 0.1
0 0.6072916 0.3407407 0.05625 0.0666666
0 0.61875 0.2907407 0.0458333 0.0925925
0 0.6479166 0.2925925 0.0208333 0.037037
0 0.0645833 0.4574074 0.1041666 0.1222222
0 0.7291666 0.387037 0.0625 0.0851851
0 0.6739583 0.3018518 0.0395833 0.0481481
0 0.7729166 0.4629629 0.0833333 0.1185185
0 0.7458333 0.2648148 0.025 0.0333333
1 0.6802083 0.2685185 0.0354166 0.0555555
0 0.196875 0.4574074 0.11875 0.1222222
0 0.7208333 0.2574074 0.0208333 0.0333333
0 0.340625 0.3888888 0.08125 0.0888888
