0 0.803125 0.3185185 0.0729166 0.0888888
0 0.803125 0.3629629 0.0770833 0.0666666
0 0.6635416 0.2944444 0.0645833 0.0629629
0 0.540625 0.2148148 0.0354166 0.0444444
0 0.4979166 0.2351851 0.0375 0.0481481
0 0.55625 0.7962962 0.2375 0.4074074
0 0.465625 0.2648148 0.0229166 0.0555555
2 0.4145833 0.2555555 0.1 0.1407407
0 0.31875 0.2185185 0.0291666 0.0444444
0 0.3114583 0.1888888 0.0229166 0.0296296
0 0.30625 0.1703703 0.0166666 0.0222222
1 0.278125 0.1611111 0.0270833 0.0481481
0 0.328125 0.1666666 0.01875 0.0222222
0 0.365625 0.1592592 0.0145833 0.0222222
0 0.4479166 0.174074 0.0166666 0.0222222
0 0.4135416 0.1629629 0.0145833 0.0222222
0 0.3260416 0.1481481 0.0104166 0.0148148
