0 0.64375 0.6407407 0.2125 0.3037037
0 0.60625 0.3537037 0.0875 0.0925925
2 0.8458333 0.4388888 0.0958333 0.1296296
0 0.4916666 0.4111111 0.1166666 0.1481481
0 0.315625 0.3037037 0.0604166 0.0962962
0 0.4510416 0.2148148 0.0395833 0.0444444
2 0.359375 0.2444444 0.0395833 0.0666666
0 0.2489583 0.2148148 0.0270833 0.0444444
0 0.3385416 0.2277777 0.03125 0.0629629
0 0.321875 0.2111111 0.0354166 0.0518518
0 0.3552083 0.1907407 0.0270833 0.0333333
0 0.3291666 0.174074 0.0208333 0.0296296
0 0.359375 0.1648148 0.0229166 0.0259259
0 0.265625 0.1629629 0.0270833 0.0222222
1 0.2510416 0.15 0.0145833 0.0333333
2 0.2229166 0.174074 0.0166666 0.037037
1 0.5354166 0.2425925 0.0875 0.1074074
0 0.4 0.187037 0.0375 0.0703703
2 0.4229166 0.3092592 0.0833333 0.1222222
