0 0.6916666 0.337037 0.0458333 0.0666666
0 0.70625 0.324074 0.0416666 0.0629629
0 0.7208333 0.3111111 0.0333333 0.0666666
0 0.7614583 0.3 0.0145833 0.0444444
0 0.76875 0.287037 0.0291666 0.0481481
0 0.784375 0.2814814 0.03125 0.0444444
0 0.7916666 0.274074 0.0291666 0.0444444
2 0.7427083 0.2907407 0.0270833 0.0629629
2 0.8010416 0.2629629 0.0229166 0.0518518
2 0.8197916 0.25 0.0270833 0.0555555
0 0.8395833 0.2537037 0.0208333 0.0333333
0 0.4625 0.3462962 0.0625 0.0703703
0 0.5947916 0.3092592 0.04375 0.0481481
0 0.86875 0.2537037 0.0208333 0.0259259
0 0.2583333 0.6407407 0.1333333 0.2074074
0 0.4145833 0.4222222 0.0916666 0.1037037
0 0.7541666 0.2462962 0.0208333 0.0259259
0 0.7645833 0.2592592 0.0208333 0.0296296
0 0.8177083 0.2629629 0.01875 0.037037
0 0.5197916 0.3722222 0.0729166 0.0851851
0 0.3864583 0.387037 0.0770833 0.0925925
0 0.625 0.3314814 0.0458333 0.0629629
0 0.6458333 0.2851851 0.0458333 0.0888888
0 0.6802083 0.2796296 0.0270833 0.0333333
0 0.2302083 0.4055555 0.08125 0.1
0 0.7322916 0.2537037 0.01875 0.0259259
1 0.7083333 0.2537037 0.0375 0.0555555
0 0.715625 0.4277777 0.0729166 0.1074074
0 0.6947916 0.2907407 0.0270833 0.0333333
0 0.6885416 0.2648148 0.0104166 0.0333333
0 0.0291666 0.55 0.0583333 0.1444444
0 0.890625 0.524074 0.1479166 0.1444444
0 0.809375 0.9092592 0.38125 0.1814814
