1 0.69375 0.4314814 0.2083333 0.3962962
0 0.5177083 0.1518518 0.04375 0.0592592
0 0.1645833 0.8462962 0.3291666 0.3074074
0 0.4395833 0.4111111 0.1458333 0.1481481
0 0.44375 0.3074074 0.1 0.0888888
0 0.275 0.2759259 0.1 0.0851851
0 0.6677083 0.2018518 0.03125 0.0407407
0 0.7854166 0.2481481 0.0333333 0.0518518
0 0.7979166 0.2259259 0.0208333 0.037037
0 0.7760416 0.1962962 0.01875 0.0296296
0 0.803125 0.2092592 0.01875 0.0259259
0 0.73125 0.1814814 0.0208333 0.0222222
0 0.7958333 0.1833333 0.0125 0.0185185
0 0.809375 0.1981481 0.01875 0.0259259
0 0.621875 0.1629629 0.0270833 0.0222222
0 0.5947916 0.1537037 0.0270833 0.0259259
0 0.6416666 0.15 0.0208333 0.0259259
0 0.44375 0.1425925 0.0416666 0.0407407
0 0.459375 0.1222222 0.0395833 0.0296296
0 0.659375 0.1648148 0.0270833 0.0333333
0 0.7364583 0.1611111 0.0145833 0.0185185
0 0.678125 0.1555555 0.0145833 0.0296296
0 0.6260416 0.1759259 0.03125 0.0333333
0 0.640625 0.1481481 0.0229166 0.0222222
