0 0.2927083 0.4037037 0.1520833 0.1407407
0 0.7364583 0.3388888 0.0729166 0.1148148
0 0.7833333 0.2685185 0.0416666 0.0629629
0 0.8010416 0.2277777 0.0270833 0.0407407
0 0.828125 0.2055555 0.01875 0.0259259
0 0.80625 0.2111111 0.0208333 0.0296296
0 0.7427083 0.2277777 0.0354166 0.0481481
0 0.7770833 0.1981481 0.0208333 0.0333333
0 0.6458333 0.2148148 0.0458333 0.0518518
2 0.7989583 0.1777777 0.01875 0.037037
2 0.7854166 0.174074 0.0125 0.0296296
0 0.76875 0.1759259 0.0166666 0.0185185
0 0.7541666 0.1777777 0.0166666 0.0222222
0 0.7125 0.1611111 0.0208333 0.0259259
0 0.68125 0.1592592 0.0208333 0.0222222
0 0.6416666 0.15 0.0208333 0.0259259
0 0.5875 0.1814814 0.0416666 0.037037
0 0.58125 0.1481481 0.0333333 0.0518518
0 0.4583333 0.124074 0.0416666 0.0333333
0 0.44375 0.1425925 0.0458333 0.0407407
0 0.146875 0.2833333 0.0979166 0.0851851
