0 0.0520833 0.5111111 0.0541666 0.0814814
0 0.0791666 0.4666666 0.0375 0.0666666
0 0.0947916 0.424074 0.0229166 0.0333333
2 0.028125 0.4666666 0.0520833 0.1185185
2 0.2260416 0.3537037 0.09375 0.1
2 0.28125 0.3481481 0.0416666 0.0888888
1 0.153125 0.4203703 0.0979166 0.1148148
0 0.1166666 0.4666666 0.0625 0.0592592
0 0.3322916 0.4444444 0.0604166 0.037037
0 0.2052083 0.4574074 0.0604166 0.0259259
1 0.2770833 0.5814814 0.4875 0.2962962
0 0.1708333 0.7648148 0.2625 0.1888888
0 0.9145833 0.3777777 0.0958333 0.1111111
