2 0.9302083 0.8 0.1395833 0.3777777
0 0.3927083 0.3407407 0.0729166 0.1037037
0 0.3645833 0.25 0.0458333 0.0555555
1 0.2697916 0.1888888 0.0395833 0.074074
0 0.30625 0.1962962 0.025 0.037037
0 0.3229166 0.1814814 0.0208333 0.0296296
0 0.328125 0.1685185 0.0145833 0.0259259
0 0.315625 0.1537037 0.0145833 0.0185185
0 0.365625 0.1592592 0.0145833 0.0222222
0 0.4177083 0.187037 0.0229166 0.0333333
0 0.4229166 0.1629629 0.0125 0.0148148
0 0.459375 0.1777777 0.0229166 0.0296296
0 0.4854166 0.2 0.0333333 0.037037
0 0.5833333 0.237037 0.0416666 0.0444444
0 0.6791666 0.2555555 0.05 0.074074
2 0.7770833 0.3444444 0.0625 0.0814814
