0 0.590625 0.5111111 0.0729166 0.1111111
0 0.5625 0.6333333 0.1125 0.1703703
0 0.459375 0.8555555 0.1854166 0.2888888
0 0.290625 0.2722222 0.0229166 0.0407407
0 0.1552083 0.3703703 0.0520833 0.0518518
0 0.16875 0.3537037 0.0708333 0.0481481
0 0.0854166 0.3611111 0.0583333 0.0555555
0 0.2645833 0.2777777 0.0333333 0.0444444
0 0.7927083 0.4277777 0.0479166 0.0629629
0 0.7458333 0.4296296 0.0208333 0.0592592
0 0.35625 0.4814814 0.0958333 0.1185185
0 0.4427083 0.4296296 0.0729166 0.0814814
0 0.121875 0.3833333 0.0729166 0.0555555
0 0.0854166 0.4037037 0.0583333 0.0518518
0 0.05 0.7296296 0.1 0.437037
