2 0.559375 0.3851851 0.2270833 0.2814814
0 0.6791666 0.4351851 0.0416666 0.1074074
0 0.7375 0.2851851 0.0625 0.0888888
0 0.6833333 0.2907407 0.0583333 0.0555555
0 0.5552083 0.2351851 0.04375 0.0481481
0 0.4927083 0.1944444 0.0270833 0.0333333
0 0.4447916 0.2037037 0.0270833 0.037037
0 0.4322916 0.1685185 0.0145833 0.0185185
0 0.4083333 0.1574074 0.0125 0.0185185
0 0.365625 0.1592592 0.0145833 0.0222222
0 0.3385416 0.2574074 0.04375 0.0629629
0 0.325 0.2055555 0.0291666 0.0407407
0 0.30625 0.1814814 0.0208333 0.0296296
0 0.3270833 0.1722222 0.0166666 0.0259259
1 0.271875 0.1722222 0.03125 0.0629629
0 0.3208333 0.15 0.0125 0.0185185
