0 0.6427083 0.6388888 0.2145833 0.3
0 0.4927083 0.4129629 0.11875 0.1518518
2 0.359375 0.2444444 0.0395833 0.074074
0 0.3395833 0.2277777 0.0333333 0.0555555
0 0.3197916 0.2111111 0.03125 0.0518518
0 0.2791666 0.15 0.0166666 0.0259259
0 0.8260416 0.4814814 0.13125 0.1185185
0 0.4541666 0.2185185 0.0375 0.0444444
0 0.3833333 0.1777777 0.025 0.0296296
0 0.2708333 0.2 0.025 0.037037
0 0.2239583 0.1648148 0.0270833 0.0185185
1 0.2510416 0.1518518 0.0145833 0.0296296
0 0.2635416 0.1537037 0.0145833 0.0185185
0 0.3 0.1629629 0.025 0.0222222
0 0.3291666 0.1722222 0.0208333 0.0259259
0 0.346875 0.1648148 0.01875 0.0259259
0 0.3697916 0.2055555 0.03125 0.0407407
2 0.421875 0.3 0.0854166 0.1407407
0 0.4427083 0.2629629 0.04375 0.0666666
0 0.496875 0.2425925 0.0645833 0.1148148
