0 0.4447916 0.1425925 0.04375 0.0407407
0 0.4583333 0.1222222 0.0375 0.0296296
1 0.746875 0.3203703 0.11875 0.2259259
0 0.4895833 0.1555555 0.0458333 0.0592592
0 0.0364583 0.4055555 0.0729166 0.1
0 0.0770833 0.5759259 0.1541666 0.2037037
0 0.4416666 0.8537037 0.3375 0.2925925
0 0.4802083 0.5351851 0.1895833 0.2111111
0 0.6052083 0.287037 0.0729166 0.0777777
0 0.5947916 0.2314814 0.0520833 0.0555555
0 0.7010416 0.1907407 0.0270833 0.0333333
0 0.7947916 0.2333333 0.0229166 0.0444444
0 0.8 0.2203703 0.0208333 0.0333333
0 0.8052083 0.2074074 0.01875 0.0222222
0 0.8052083 0.1962962 0.0145833 0.0074074
0 0.7854166 0.1944444 0.0166666 0.0259259
0 0.7302083 0.1611111 0.0145833 0.0185185
0 0.5885416 0.1648148 0.03125 0.0333333
0 0.6260416 0.1685185 0.03125 0.0407407
0 0.640625 0.15 0.0229166 0.0259259
0 0.5947916 0.1518518 0.0229166 0.0222222
0 0.6614583 0.1574074 0.0229166 0.0259259
0 0.6697916 0.15 0.0145833 0.0185185
0 0.6791666 0.1518518 0.0125 0.0148148
0 0.6958333 0.1611111 0.0166666 0.0185185
