0 0.7010416 0.4722222 0.05625 0.0925925
0 0.8697916 0.4185185 0.0895833 0.074074
0 0.5604166 0.3537037 0.0708333 0.0629629
0 0.4604166 0.8537037 0.1916666 0.2925925
0 0.5614583 0.6333333 0.1104166 0.1777777
0 0.590625 0.5092592 0.0729166 0.1148148
0 0.084375 0.3592592 0.0645833 0.0518518
0 0.1677083 0.3462962 0.06875 0.0407407
0 0.2895833 0.274074 0.025 0.037037
1 0.1645833 0.4333333 0.1125 0.1703703
0 0.95 0.324074 0.05 0.0407407
0 0.096875 0.3814814 0.0270833 0.0592592
0 0.4697916 0.3648148 0.0645833 0.1222222
0 0.0333333 0.3814814 0.0541666 0.0444444
1 0.109375 0.7055555 0.21875 0.4851851
