0 0.078125 0.2777777 0.03125 0.0518518
0 0.0104166 0.374074 0.0208333 0.0444444
0 0.9489583 0.4944444 0.1020833 0.1074074
0 0.91875 0.3907407 0.0875 0.1222222
0 0.69375 0.3555555 0.0791666 0.0962962
0 0.6510416 0.2703703 0.05625 0.0592592
0 0.48125 0.1907407 0.025 0.0259259
0 0.43125 0.1703703 0.0208333 0.0296296
0 0.38125 0.2 0.0166666 0.037037
2 0.3541666 0.1925925 0.05 0.0888888
1 0.2854166 0.1537037 0.0208333 0.0407407
0 0.309375 0.1907407 0.0229166 0.0333333
0 0.3083333 0.1703703 0.0208333 0.0222222
0 0.4166666 0.7351851 0.2208333 0.4703703
0 0.3770833 0.3518518 0.0708333 0.1111111
0 0.9614583 0.9 0.0770833 0.2
