0 0.7958333 0.4537037 0.125 0.1074074
0 0.4479166 0.2148148 0.0375 0.0444444
0 0.3822916 0.1759259 0.0229166 0.0259259
0 0.3458333 0.1629629 0.0166666 0.0222222
0 0.3270833 0.1722222 0.0208333 0.0259259
0 0.2447916 0.1814814 0.01875 0.0296296
2 0.2791666 0.15 0.0166666 0.0259259
0 0.6427083 0.6388888 0.2145833 0.3
0 0.4927083 0.4129629 0.11875 0.1518518
2 0.359375 0.2444444 0.0395833 0.074074
0 0.3385416 0.2277777 0.03125 0.0629629
0 0.3197916 0.2129629 0.03125 0.0481481
0 0.2635416 0.1537037 0.0145833 0.0185185
1 0.25 0.15 0.0166666 0.0333333
0 0.296875 0.1648148 0.0229166 0.0259259
0 0.271875 0.2 0.0270833 0.037037
0 0.3677083 0.2055555 0.03125 0.0407407
0 0.4333333 0.2592592 0.0541666 0.0666666
0 0.4916666 0.2407407 0.0625 0.1111111
2 0.4239583 0.3092592 0.0854166 0.1222222
