0 0.9302083 0.7074074 0.1145833 0.237037
0 0.9302083 0.3129629 0.0145833 0.0259259
0 0.440625 0.3759259 0.09375 0.0777777
0 0.953125 0.4851851 0.0479166 0.0962962
0 0.9197916 0.3296296 0.0229166 0.037037
0 0.9552083 0.3962962 0.0354166 0.0666666
0 0.871875 0.337037 0.03125 0.0444444
0 0.2677083 0.4314814 0.1270833 0.1
0 0.21875 0.4185185 0.1083333 0.0888888
0 0.3927083 0.3555555 0.1020833 0.0962962
0 0.3333333 0.4962962 0.1333333 0.1481481
0 0.8208333 0.3166666 0.0416666 0.0851851
0 0.7177083 0.4555555 0.10625 0.1185185
2 0.8666666 0.274074 0.0166666 0.0222222
