0 0.4864583 0.3111111 0.0604166 0.0444444
0 0.3854166 0.3 0.0458333 0.037037
0 0.3677083 0.274074 0.03125 0.0296296
0 0.4229166 0.3018518 0.05 0.0407407
1 0.1479166 0.3759259 0.0708333 0.1222222
0 0.978125 0.3518518 0.0354166 0.0592592
0 0.9739583 0.3685185 0.0270833 0.0407407
1 0.2177083 0.4259259 0.1354166 0.2
0 0.3270833 0.2814814 0.0375 0.037037
0 0.3760416 0.3351851 0.05625 0.0481481
0 0.3135416 0.4351851 0.0645833 0.1074074
0 0.3177083 0.3722222 0.08125 0.0777777
0 0.509375 0.3666666 0.0979166 0.074074
0 0.6052083 0.3592592 0.0979166 0.074074
0 0.940625 0.5037037 0.11875 0.1185185
0 0.2854166 0.3074074 0.05 0.074074
0 0.3166666 0.3148148 0.025 0.037037
1 0.603125 0.687037 0.6020833 0.6259259
