0 0.365625 0.2777777 0.0270833 0.0296296
0 0.3260416 0.2833333 0.0395833 0.0407407
1 0.1947916 0.4148148 0.1145833 0.1777777
0 0.2958333 0.3462962 0.0625 0.0259259
1 0.3958333 0.5611111 0.3625 0.4333333
1 0.14375 0.3722222 0.0625 0.1148148
0 0.978125 0.3518518 0.0354166 0.0592592
0 0.4854166 0.3111111 0.0625 0.0444444
0 0.9739583 0.3685185 0.0270833 0.0407407
0 0.571875 0.3777777 0.09375 0.074074
0 0.6520833 0.374074 0.0833333 0.074074
2 0.8416666 0.537037 0.3166666 0.3777777
0 0.403125 0.3185185 0.0770833 0.1111111
0 0.4416666 0.3 0.0208333 0.0444444
