0 0.7885416 0.4037037 0.0979166 0.0814814
1 0.746875 0.3277777 0.1354166 0.1222222
0 0.63125 0.4074074 0.0791666 0.0814814
0 0.5677083 0.4592592 0.09375 0.1111111
1 0.4552083 0.4018518 0.13125 0.2037037
1 0.3385416 0.337037 0.0895833 0.1259259
0 0.3677083 0.3925925 0.0520833 0.074074
0 0.265625 0.2907407 0.0270833 0.0259259
0 0.2239583 0.2944444 0.0270833 0.0259259
0 0.2416666 0.2944444 0.0208333 0.0259259
0 0.3864583 0.3074074 0.0229166 0.037037
0 0.2791666 0.437037 0.0666666 0.0962962
0 0.175 0.4222222 0.0583333 0.0814814
0 0.1895833 0.3092592 0.0291666 0.0407407
0 0.1583333 0.3111111 0.0291666 0.0444444
0 0.1302083 0.2944444 0.0270833 0.0407407
0 0.0864583 0.4666666 0.0770833 0.2296296
2 0.4802083 0.2907407 0.05625 0.0777777
