1 0.796875 0.2074074 0.0354166 0.074074
0 0.2739583 0.1944444 0.08125 0.1
0 0.2552083 0.4314814 0.1604166 0.1444444
0 0.5145833 0.5018518 0.1791666 0.2185185
0 0.75 0.4703703 0.0958333 0.1629629
0 0.6572916 0.3444444 0.0854166 0.1037037
0 0.6052083 0.2777777 0.0770833 0.074074
0 0.740625 0.2703703 0.04375 0.074074
0 0.75 0.237037 0.0375 0.0444444
0 0.7145833 0.2166666 0.0333333 0.0407407
0 0.7177083 0.1851851 0.0229166 0.0296296
0 0.759375 0.187037 0.01875 0.0259259
0 0.7510416 0.1759259 0.0145833 0.0185185
0 0.0489583 0.3425925 0.09375 0.1222222
0 0.1572916 0.2796296 0.0895833 0.0703703
0 0.4677083 0.1759259 0.05625 0.0555555
0 0.446875 0.1388888 0.0354166 0.0333333
0 0.459375 0.1222222 0.0395833 0.0296296
0 0.6041666 0.1666666 0.0291666 0.0296296
0 0.5947916 0.1518518 0.0229166 0.0222222
0 0.659375 0.1648148 0.0229166 0.0259259
0 0.640625 0.1481481 0.0229166 0.0222222
0 0.6604166 0.1481481 0.0166666 0.0148148
0 0.671875 0.1518518 0.0145833 0.0222222
0 0.6802083 0.15 0.0104166 0.0185185
0 0.6927083 0.1666666 0.01875 0.0222222
