0 0.3552083 0.1796296 0.0479166 0.0703703
0 0.1854166 0.1814814 0.0625 0.074074
0 0.4385416 0.0722222 0.0229166 0.0259259
0 0.1958333 0.1111111 0.0666666 0.0518518
2 0.390625 0.1148148 0.0645833 0.1259259
2 0.4020833 0.0518518 0.0375 0.0444444
1 0.6072916 0.124074 0.04375 0.1444444
1 0.6427083 0.1351851 0.0229166 0.1296296
1 0.69375 0.1444444 0.05 0.1259259
1 0.3229166 0.4074074 0.2125 0.4888888
0 0.4739583 0.124074 0.0604166 0.0481481
0 0.2729166 0.0962962 0.0375 0.037037
0 0.2770833 0.1333333 0.05 0.074074
