0 0.3260416 0.2833333 0.0395833 0.0407407
1 0.1947916 0.4148148 0.1145833 0.1777777
1 0.14375 0.3722222 0.0625 0.1148148
0 0.978125 0.3518518 0.0354166 0.0592592
0 0.4854166 0.3111111 0.0625 0.0444444
0 0.9739583 0.3685185 0.0270833 0.0407407
0 0.5239583 0.3648148 0.0854166 0.0703703
1 0.4104166 0.5722222 0.3791666 0.4481481
0 0.3 0.3462962 0.0625 0.0259259
0 0.3739583 0.3148148 0.06875 0.1037037
0 0.425 0.3037037 0.05 0.0444444
0 0.365625 0.2703703 0.0270833 0.0148148
0 0.5510416 0.3462962 0.06875 0.0555555
0 0.7864583 0.4444444 0.1395833 0.1037037
2 0.8760416 0.5462962 0.2479166 0.3666666
