0 0.4583333 0.8555555 0.1916666 0.2888888
0 0.7166666 0.7333333 0.1208333 0.2222222
0 0.6979166 0.4611111 0.0583333 0.0925925
0 0.590625 0.5092592 0.06875 0.1074074
0 0.5625 0.6314814 0.1125 0.174074
0 0.6416666 0.3407407 0.0708333 0.0666666
0 0.5052083 0.3425925 0.0604166 0.1074074
1 0.384375 0.4314814 0.16875 0.2037037
1 0.128125 0.4111111 0.1479166 0.1407407
0 0.0979166 0.7166666 0.1958333 0.2481481
0 0.03125 0.3777777 0.0541666 0.0444444
0 0.9489583 0.3296296 0.05625 0.0592592
0 0.1635416 0.35 0.0770833 0.0481481
0 0.2895833 0.2759259 0.0208333 0.0407407
