1 0.290625 0.1518518 0.01875 0.037037
0 0.3052083 0.1777777 0.01875 0.0296296
0 0.3083333 0.1666666 0.0125 0.0222222
2 0.3395833 0.1759259 0.0375 0.0703703
0 0.359375 0.1833333 0.0145833 0.0259259
0 0.3416666 0.2759259 0.05 0.0703703
0 0.3041666 0.3888888 0.0833333 0.1777777
0 0.6291666 0.5407407 0.175 0.2222222
0 0.7354166 0.8111111 0.3458333 0.3777777
0 0.9239583 0.7111111 0.1520833 0.2518518
0 0.9770833 0.437037 0.0458333 0.1111111
0 0.9729166 0.5814814 0.0541666 0.1111111
0 0.7645833 0.3333333 0.075 0.074074
0 0.51875 0.2074074 0.0291666 0.0296296
0 0.4510416 0.1814814 0.0229166 0.0296296
0 0.365625 0.1592592 0.0145833 0.0222222
0 0.3895833 0.1574074 0.0125 0.0185185
