0 0.3260416 0.2833333 0.0395833 0.0407407
1 0.1947916 0.4148148 0.1145833 0.1777777
1 0.14375 0.3722222 0.0625 0.1148148
0 0.978125 0.3518518 0.0354166 0.0592592
0 0.4854166 0.3111111 0.0625 0.0444444
0 0.9739583 0.3685185 0.0270833 0.0407407
0 0.54375 0.3703703 0.0875 0.074074
1 0.403125 0.5685185 0.36875 0.4407407
0 0.3 0.3462962 0.0625 0.0259259
0 0.5947916 0.3592592 0.06875 0.074074
0 0.834375 0.4611111 0.14375 0.1
2 0.8604166 0.5462962 0.2791666 0.3814814
0 0.4322916 0.3018518 0.0354166 0.0481481
0 0.3864583 0.3148148 0.0729166 0.1037037
0 0.3666666 0.274074 0.0291666 0.0222222
