0 0.5072916 0.5074074 0.1395833 0.2
0 0.440625 0.3203703 0.0770833 0.0925925
1 0.2739583 0.2111111 0.0479166 0.1037037
0 0.3125 0.2148148 0.0333333 0.0444444
0 0.3197916 0.1907407 0.0229166 0.0333333
0 0.33125 0.174074 0.0166666 0.0296296
0 0.3114583 0.1574074 0.0145833 0.0185185
0 0.3666666 0.1592592 0.0166666 0.0222222
0 0.40625 0.1814814 0.0208333 0.0296296
0 0.453125 0.1851851 0.0229166 0.0296296
0 0.4416666 0.1703703 0.0166666 0.0222222
0 0.5291666 0.2111111 0.0333333 0.037037
2 0.6364583 0.2666666 0.0479166 0.0592592
0 0.6447916 0.2388888 0.04375 0.0703703
