0 0.6427083 0.6388888 0.2104166 0.3
0 0.4916666 0.4148148 0.1166666 0.1555555
2 0.4229166 0.3166666 0.0833333 0.1074074
0 0.340625 0.2277777 0.0354166 0.0555555
2 0.3604166 0.2462962 0.0375 0.0703703
0 0.3197916 0.2129629 0.03125 0.0481481
2 0.21875 0.1833333 0.0166666 0.0333333
0 0.3989583 0.5129629 0.1354166 0.2333333
0 0.2479166 0.25 0.0333333 0.0555555
0 0.9427083 0.5388888 0.0979166 0.1148148
2 0.634375 0.2944444 0.0604166 0.0851851
0 0.4625 0.2462962 0.0458333 0.0555555
0 0.3145833 0.1666666 0.0208333 0.0222222
0 0.334375 0.1777777 0.0229166 0.0296296
0 0.4020833 0.187037 0.025 0.0333333
1 0.3770833 0.1759259 0.0291666 0.0629629
1 0.4489583 0.1962962 0.0520833 0.0666666
