0 0.5541666 0.6425925 0.2166666 0.3
0 0.440625 0.3203703 0.1145833 0.1
0 0.7552083 0.3425925 0.0645833 0.0925925
0 0.690625 0.287037 0.0604166 0.0777777
0 0.7958333 0.2462962 0.0333333 0.0481481
0 0.803125 0.2222222 0.0229166 0.037037
0 0.8104166 0.2074074 0.0208333 0.037037
0 0.7552083 0.2166666 0.0270833 0.0407407
2 0.7895833 0.1833333 0.025 0.0481481
2 0.7739583 0.1777777 0.0145833 0.0296296
0 0.75 0.1777777 0.0166666 0.0296296
0 0.7291666 0.1814814 0.025 0.0296296
0 0.434375 0.1888888 0.0604166 0.0518518
0 0.6604166 0.1685185 0.0291666 0.0259259
0 0.640625 0.1481481 0.0229166 0.0222222
0 0.6083333 0.1462962 0.0291666 0.0481481
0 0.590625 0.1518518 0.0145833 0.0222222
0 0.4447916 0.1425925 0.04375 0.0407407
0 0.459375 0.124074 0.0395833 0.0333333
