2 0.8927083 0.4185185 0.0729166 0.0962962
0 0.7041666 0.2685185 0.0541666 0.0777777
0 0.6229166 0.2592592 0.05 0.0444444
0 0.5114583 0.2129629 0.0354166 0.0407407
0 0.471875 0.1833333 0.0229166 0.0259259
0 0.4270833 0.1944444 0.025 0.0333333
0 0.4260416 0.1666666 0.0104166 0.0148148
0 0.365625 0.1592592 0.0145833 0.0222222
0 0.3625 0.2925925 0.0541666 0.0814814
0 0.3416666 0.224074 0.0375 0.0481481
0 0.325 0.1777777 0.0166666 0.0222222
0 0.3260416 0.1629629 0.0145833 0.0148148
0 0.3177083 0.1537037 0.0145833 0.0185185
0 0.3052083 0.187037 0.0229166 0.0333333
1 0.2697916 0.1796296 0.0354166 0.0703703
0 0.9864583 0.7759259 0.0270833 0.1074074
2 0.7989583 0.6314814 0.4020833 0.5592592
