0 0.6427083 0.6388888 0.2145833 0.3
0 0.4927083 0.4129629 0.11875 0.1518518
2 0.359375 0.2444444 0.0395833 0.074074
0 0.3395833 0.2277777 0.0333333 0.0555555
0 0.3197916 0.2111111 0.03125 0.0518518
0 0.5302083 0.2629629 0.0729166 0.1259259
0 0.4666666 0.2833333 0.05 0.0777777
0 0.96875 0.6259259 0.0625 0.1185185
0 0.4833333 0.2425925 0.0291666 0.0481481
0 0.2666666 0.1925925 0.025 0.037037
0 0.2375 0.1759259 0.0208333 0.0259259
0 0.3114583 0.1666666 0.0229166 0.0222222
0 0.3989583 0.1851851 0.0270833 0.0296296
0 0.3552083 0.1685185 0.01875 0.0259259
0 0.2791666 0.15 0.0208333 0.0259259
0 0.334375 0.1759259 0.0229166 0.0259259
0 0.3791666 0.2148148 0.0333333 0.0444444
0 0.3864583 0.1685185 0.01875 0.0259259
2 0.421875 0.3092592 0.08125 0.1222222
