0 0.3229166 0.2833333 0.0333333 0.0407407
1 0.1947916 0.4148148 0.1145833 0.1777777
1 0.14375 0.3722222 0.0625 0.1148148
0 0.978125 0.3518518 0.0354166 0.0592592
0 0.4854166 0.3074074 0.0625 0.037037
0 0.9739583 0.3685185 0.0270833 0.0407407
0 0.3 0.3462962 0.0625 0.0259259
0 0.4239583 0.3 0.0520833 0.0444444
0 0.3645833 0.3129629 0.0666666 0.1
0 0.50625 0.337037 0.0791666 0.0518518
0 0.50625 0.3629629 0.0791666 0.0666666
0 0.74375 0.4277777 0.1333333 0.1
2 0.89375 0.5388888 0.2125 0.337037
1 0.41875 0.5796296 0.3875 0.4629629
