0 0.44375 0.4129629 0.1 0.1518518
0 0.3989583 0.2814814 0.0604166 0.0666666
0 0.3083333 0.2055555 0.0291666 0.0407407
1 0.2697916 0.2 0.04375 0.0888888
0 0.3208333 0.187037 0.0208333 0.0333333
0 0.3302083 0.1722222 0.01875 0.0259259
0 0.3135416 0.1555555 0.0145833 0.0222222
0 0.365625 0.1592592 0.0145833 0.0222222
0 0.4041666 0.1555555 0.0083333 0.0148148
0 0.409375 0.1833333 0.01875 0.0333333
0 0.4489583 0.1722222 0.01875 0.0259259
0 0.4666666 0.1907407 0.025 0.0259259
0 0.55 0.2222222 0.0375 0.037037
0 0.6583333 0.2444444 0.05 0.0666666
2 0.6875 0.2925925 0.0541666 0.0666666
0 0.0104166 0.374074 0.0208333 0.0444444
