0 0.9302083 0.7074074 0.1145833 0.237037
0 0.9197916 0.3333333 0.0229166 0.037037
0 0.440625 0.3759259 0.09375 0.0777777
0 0.953125 0.4851851 0.0479166 0.0962962
0 0.8989583 0.3629629 0.03125 0.0518518
0 0.9552083 0.3962962 0.0354166 0.0666666
0 0.8135416 0.3851851 0.05625 0.0666666
0 0.2677083 0.4314814 0.1270833 0.1
0 0.2239583 0.4166666 0.10625 0.0925925
0 0.409375 0.3481481 0.0979166 0.0962962
0 0.7760416 0.3351851 0.05625 0.1074074
0 0.3697916 0.4814814 0.1270833 0.1407407
0 0.0677083 0.8981481 0.1354166 0.2037037
