1 0.746875 0.3277777 0.1395833 0.1222222
0 0.6395833 0.5055555 0.275 0.3
0 0.5072916 0.337037 0.05625 0.0518518
0 0.453125 0.4444444 0.08125 0.1037037
1 0.3864583 0.3629629 0.1104166 0.1555555
0 0.3166666 0.3055555 0.0333333 0.0407407
0 0.3020833 0.2962962 0.025 0.0296296
0 0.2666666 0.2888888 0.0291666 0.0296296
0 0.2791666 0.324074 0.0375 0.0481481
0 0.240625 0.2925925 0.0229166 0.0296296
0 0.2135416 0.2944444 0.0229166 0.0259259
0 0.196875 0.287037 0.0270833 0.0259259
0 0.1989583 0.3481481 0.04375 0.0666666
0 0.265625 0.3574074 0.0479166 0.0629629
0 0.29375 0.4574074 0.075 0.1074074
0 0.1864583 0.4481481 0.0604166 0.0888888
0 0.1166666 0.3055555 0.025 0.0407407
0 0.1447916 0.5944444 0.1520833 0.3518518
2 0.48125 0.287037 0.0583333 0.0777777
