0 0.5666666 0.4611111 0.0916666 0.1
0 0.2375 0.2907407 0.025 0.0259259
0 0.2625 0.2777777 0.0166666 0.0222222
0 0.1479166 0.2833333 0.0166666 0.0259259
2 0.5020833 0.2944444 0.1 0.0851851
1 0.4395833 0.3888888 0.1291666 0.1777777
0 0.3572916 0.3851851 0.0395833 0.0814814
0 0.2822916 0.2722222 0.0145833 0.0185185
1 0.3354166 0.3333333 0.0833333 0.1185185
0 0.24375 0.2944444 0.025 0.0259259
0 0.6760416 0.424074 0.0979166 0.1
0 0.2760416 0.2925925 0.0270833 0.0296296
0 0.25625 0.4055555 0.0583333 0.0777777
0 0.0770833 0.2925925 0.0208333 0.0222222
0 0.0895833 0.2925925 0.0166666 0.0222222
0 0.4833333 0.3222222 0.0333333 0.0222222
0 0.2729166 0.2759259 0.0083333 0.0185185
0 0.1666666 0.387037 0.05 0.0703703
0 0.134375 0.3018518 0.03125 0.0407407
0 0.0635416 0.2907407 0.0145833 0.0259259
0 0.0854166 0.4314814 0.0666666 0.1962962
1 0.75 0.3277777 0.1375 0.1222222
0 0.9197916 0.537037 0.1479166 0.1259259
0 0.95625 0.4462962 0.0875 0.0925925
