0 0.6614583 0.3388888 0.06875 0.0555555
0 0.6947916 0.4759259 0.0604166 0.1
0 0.5895833 0.5129629 0.0708333 0.1074074
0 0.5635416 0.6351851 0.1104166 0.174074
0 0.709375 0.874074 0.1604166 0.2518518
0 0.459375 0.8537037 0.1895833 0.2925925
0 0.2083333 0.6148148 0.1708333 0.1851851
1 0.421875 0.4092592 0.1479166 0.1814814
0 0.5135416 0.3333333 0.05625 0.1037037
1 0.1197916 0.4092592 0.1479166 0.1518518
0 0.1760416 0.3481481 0.0520833 0.0518518
0 0.0260416 0.3759259 0.04375 0.0407407
0 0.9489583 0.3296296 0.05625 0.0592592
0 0.2885416 0.2722222 0.03125 0.0481481
