0 0.64375 0.6407407 0.2125 0.3037037
0 0.4916666 0.4111111 0.1166666 0.1481481
0 0.3197916 0.3129629 0.0604166 0.1
0 0.4458333 0.2111111 0.0375 0.0444444
2 0.359375 0.2462962 0.0395833 0.0703703
0 0.2489583 0.2185185 0.0270833 0.0444444
0 0.3385416 0.2277777 0.03125 0.0629629
0 0.321875 0.2129629 0.0354166 0.0481481
0 0.353125 0.1907407 0.0270833 0.0333333
0 0.3291666 0.174074 0.0208333 0.0296296
0 0.3583333 0.1648148 0.0208333 0.0259259
0 0.2614583 0.1611111 0.0270833 0.0259259
1 0.2510416 0.15 0.0145833 0.0333333
2 0.2229166 0.174074 0.0166666 0.037037
0 0.396875 0.187037 0.0354166 0.0703703
2 0.821875 0.4185185 0.09375 0.1259259
0 0.584375 0.3351851 0.08125 0.0851851
1 0.525 0.2388888 0.0833333 0.1
2 0.4229166 0.3111111 0.0833333 0.1259259
