0 0.6927083 0.3703703 0.1020833 0.0888888
0 0.4177083 0.237037 0.0479166 0.0518518
0 0.246875 0.1851851 0.01875 0.0296296
0 0.2864583 0.1629629 0.0229166 0.0222222
0 0.3229166 0.1685185 0.0208333 0.0259259
0 0.3614583 0.2 0.03125 0.037037
0 0.6427083 0.6388888 0.2145833 0.3
0 0.4927083 0.4129629 0.11875 0.1518518
2 0.359375 0.2444444 0.0395833 0.074074
0 0.3385416 0.2296296 0.03125 0.0592592
0 0.3197916 0.2111111 0.03125 0.0518518
1 0.2510416 0.15 0.0145833 0.0333333
0 0.2760416 0.2074074 0.0270833 0.0444444
0 0.3416666 0.1592592 0.0166666 0.0222222
0 0.371875 0.1685185 0.0229166 0.0259259
0 0.425 0.2 0.0333333 0.037037
0 0.4708333 0.2259259 0.0583333 0.1037037
2 0.4229166 0.3092592 0.0833333 0.1222222
