2 0.978125 0.4888888 0.04375 0.1111111
0 0.7239583 0.2796296 0.0604166 0.0851851
0 0.65625 0.2777777 0.0541666 0.0518518
0 0.5354166 0.224074 0.0416666 0.0407407
0 0.4833333 0.1888888 0.025 0.0296296
0 0.4364583 0.2 0.0270833 0.037037
0 0.4302083 0.1685185 0.0145833 0.0185185
0 0.4072916 0.1592592 0.0104166 0.0222222
0 0.365625 0.1592592 0.0145833 0.0222222
0 0.3197916 0.1537037 0.0145833 0.0185185
0 0.3052083 0.1814814 0.0229166 0.0296296
0 0.3260416 0.174074 0.01875 0.0296296
1 0.271875 0.1759259 0.03125 0.0629629
0 0.3302083 0.2148148 0.03125 0.0444444
2 0.6375 0.4555555 0.2875 0.3629629
0 0.7864583 0.5314814 0.05625 0.137037
0 0.3458333 0.2722222 0.0458333 0.0703703
