1 0.9458333 0.5592592 0.1083333 0.2518518
0 0.6510416 0.3425925 0.0895833 0.0777777
0 0.4625 0.2203703 0.0541666 0.1
0 0.4166666 0.1944444 0.0333333 0.0333333
0 0.359375 0.1944444 0.0270833 0.0333333
0 0.409375 0.2277777 0.04375 0.0333333
0 0.64375 0.6314814 0.2125 0.2925925
0 0.49375 0.4129629 0.1166666 0.1518518
2 0.421875 0.3185185 0.0854166 0.1111111
2 0.359375 0.2444444 0.0395833 0.074074
0 0.3385416 0.2277777 0.03125 0.0555555
0 0.3208333 0.2111111 0.0333333 0.0444444
0 0.2770833 0.2129629 0.0291666 0.0481481
0 0.2479166 0.1851851 0.0208333 0.0296296
