0 0.6427083 0.6388888 0.2145833 0.3
0 0.4927083 0.4129629 0.11875 0.1518518
2 0.3604166 0.2444444 0.0416666 0.074074
0 0.3395833 0.2259259 0.0333333 0.0592592
0 0.3197916 0.2111111 0.03125 0.0518518
0 0.478125 0.237037 0.03125 0.0444444
0 0.2666666 0.1925925 0.025 0.037037
0 0.2395833 0.1796296 0.0208333 0.0259259
0 0.3104166 0.1666666 0.0208333 0.0222222
0 0.3958333 0.1833333 0.025 0.0333333
0 0.3541666 0.1685185 0.0208333 0.0259259
0 0.278125 0.15 0.01875 0.0259259
0 0.9479166 0.6092592 0.1041666 0.1592592
0 0.3322916 0.1759259 0.0229166 0.0259259
0 0.3864583 0.1685185 0.01875 0.0259259
0 0.3760416 0.2111111 0.0354166 0.0444444
2 0.421875 0.3018518 0.0854166 0.137037
0 0.4625 0.2777777 0.0458333 0.074074
0 0.521875 0.2592592 0.0729166 0.1185185
