0 0.4604166 0.4425925 0.1125 0.1666666
0 0.4125 0.2925925 0.0666666 0.074074
1 0.271875 0.2018518 0.04375 0.0925925
0 0.3104166 0.2092592 0.0291666 0.0407407
0 0.3208333 0.1907407 0.0208333 0.0333333
0 0.3302083 0.174074 0.01875 0.0222222
0 0.3114583 0.1555555 0.0145833 0.0222222
0 0.365625 0.1592592 0.0145833 0.0222222
0 0.4041666 0.1537037 0.0083333 0.0185185
0 0.4072916 0.1814814 0.01875 0.0296296
0 0.446875 0.1722222 0.01875 0.0259259
0 0.4625 0.1888888 0.025 0.0296296
0 0.5427083 0.2185185 0.0354166 0.037037
0 0.653125 0.2388888 0.0479166 0.0629629
2 0.6697916 0.2833333 0.0520833 0.0629629
0 0.078125 0.2777777 0.03125 0.0518518
0 0.0104166 0.374074 0.0208333 0.0444444
