1 0.8614583 0.6129629 0.2770833 0.4185185
0 0.5635416 0.5166666 0.1270833 0.137037
1 0.4447916 0.3907407 0.14375 0.1888888
0 0.3260416 0.3055555 0.03125 0.0407407
0 0.3375 0.3555555 0.05 0.0666666
0 0.2802083 0.2981481 0.0354166 0.0407407
0 0.2625 0.2925925 0.0208333 0.0296296
0 0.2395833 0.2925925 0.025 0.0296296
0 0.2135416 0.2944444 0.0270833 0.0333333
0 0.1572916 0.2888888 0.03125 0.0296296
0 0.140625 0.3296296 0.03125 0.0518518
0 0.1104166 0.2907407 0.0291666 0.0259259
0 0.0833333 0.2944444 0.025 0.0333333
0 0.2229166 0.3722222 0.0541666 0.0777777
0 0.3135416 0.3962962 0.05625 0.074074
0 0.2927083 0.4555555 0.0729166 0.1037037
0 0.184375 0.45 0.0645833 0.1
0 0.28125 0.7074074 0.2625 0.4444444
1 0.7479166 0.3277777 0.1333333 0.1296296
