0 0.690625 0.3388888 0.0479166 0.0703703
0 0.70625 0.324074 0.0416666 0.0629629
0 0.721875 0.3092592 0.03125 0.0703703
0 0.7614583 0.3 0.0145833 0.0444444
0 0.76875 0.287037 0.0291666 0.0481481
0 0.784375 0.2814814 0.03125 0.0444444
0 0.7916666 0.2777777 0.0291666 0.0444444
2 0.7427083 0.2981481 0.0270833 0.0629629
2 0.8010416 0.2629629 0.0229166 0.0518518
2 0.8197916 0.25 0.0270833 0.0555555
0 0.8395833 0.2555555 0.0208333 0.037037
0 0.5625 0.3203703 0.0458333 0.0555555
0 0.646875 0.2888888 0.0229166 0.037037
0 0.8677083 0.2518518 0.01875 0.0296296
0 0.2864583 0.5037037 0.1145833 0.1333333
0 0.5145833 0.3796296 0.0708333 0.0851851
0 0.7677083 0.2425925 0.01875 0.0259259
0 0.7833333 0.25 0.0166666 0.0259259
0 0.81875 0.2648148 0.0166666 0.0407407
0 0.575 0.35 0.0625 0.0703703
0 0.5041666 0.3425925 0.0541666 0.0703703
0 0.6322916 0.3314814 0.0479166 0.0555555
0 0.3583333 0.3685185 0.0625 0.0777777
0 0.29375 0.4351851 0.1041666 0.1074074
0 0.7489583 0.2481481 0.0104166 0.0296296
1 0.7322916 0.2481481 0.03125 0.0444444
0 0.1416666 0.4648148 0.125 0.1148148
0 0.2395833 0.6981481 0.1791666 0.2925925
0 0.7822916 0.5 0.1520833 0.1333333
0 0.7072916 0.2703703 0.0270833 0.0296296
0 0.715625 0.2592592 0.0229166 0.037037
0 0.6729166 0.2722222 0.0375 0.0777777
