0 0.4010416 0.3388888 0.0604166 0.0555555
0 0.4864583 0.3111111 0.0604166 0.0444444
0 0.3854166 0.3 0.0458333 0.037037
0 0.3677083 0.274074 0.03125 0.0296296
0 0.4229166 0.3018518 0.05 0.0407407
1 0.1447916 0.374074 0.0645833 0.1185185
0 0.978125 0.3518518 0.0354166 0.0592592
0 0.9739583 0.3685185 0.0270833 0.0407407
0 0.696875 0.3833333 0.1104166 0.0851851
1 0.2083333 0.4185185 0.1333333 0.1851851
1 0.5395833 0.6666666 0.5333333 0.6074074
0 0.3114583 0.3611111 0.0770833 0.0555555
0 0.5458333 0.374074 0.1083333 0.074074
0 0.3416666 0.3203703 0.0416666 0.0407407
0 0.2989583 0.3055555 0.0479166 0.0777777
0 0.33125 0.2851851 0.0291666 0.037037
