0 0.6916666 0.337037 0.0458333 0.0666666
0 0.70625 0.324074 0.0416666 0.0629629
0 0.7208333 0.3111111 0.0333333 0.0666666
0 0.7614583 0.3 0.0145833 0.0444444
0 0.76875 0.287037 0.0291666 0.0481481
0 0.784375 0.2814814 0.03125 0.0444444
0 0.7916666 0.274074 0.0291666 0.0444444
2 0.7427083 0.2907407 0.0270833 0.0629629
2 0.8010416 0.2629629 0.0229166 0.0518518
2 0.8197916 0.25 0.0270833 0.0555555
0 0.8395833 0.2537037 0.0208333 0.0333333
0 0.4489583 0.3537037 0.0645833 0.0703703
0 0.5875 0.3129629 0.0416666 0.0481481
0 0.86875 0.2537037 0.0208333 0.0259259
0 0.2708333 0.6592592 0.15 0.2148148
0 0.4 0.4259259 0.0958333 0.1111111
0 0.753125 0.2462962 0.01875 0.0259259
0 0.7645833 0.2592592 0.0208333 0.0296296
0 0.8177083 0.2629629 0.01875 0.037037
0 0.509375 0.3777777 0.0729166 0.0814814
0 0.3666666 0.3944444 0.0791666 0.0925925
0 0.6208333 0.3314814 0.0458333 0.0629629
0 0.6427083 0.2851851 0.04375 0.0962962
0 0.671875 0.2833333 0.0270833 0.0333333
0 0.2104166 0.4111111 0.0833333 0.1037037
0 0.7302083 0.2537037 0.01875 0.0259259
1 0.70625 0.2537037 0.0375 0.0555555
0 0.7177083 0.424074 0.0729166 0.1074074
0 0.690625 0.2944444 0.03125 0.0333333
0 0.8635416 0.5148148 0.1354166 0.1407407
0 0.0072916 0.5777777 0.0145833 0.1185185
0 0.88125 0.9314814 0.2375 0.137037
