0 0.5822916 0.4592592 0.0645833 0.1037037
1 0.4822916 0.4203703 0.1479166 0.2185185
0 0.3833333 0.4 0.0583333 0.074074
1 0.3416666 0.3388888 0.0916666 0.1222222
0 0.2864583 0.45 0.0729166 0.1
0 0.1802083 0.437037 0.0604166 0.0962962
0 0.2135416 0.3222222 0.0354166 0.0518518
0 0.1708333 0.3203703 0.0333333 0.0481481
0 0.2645833 0.2907407 0.025 0.0259259
0 0.2395833 0.2925925 0.025 0.0296296
0 0.2166666 0.2944444 0.025 0.0259259
0 0.1833333 0.2962962 0.0291666 0.037037
0 0.4260416 0.3277777 0.0479166 0.0481481
2 0.4833333 0.2888888 0.0625 0.0814814
1 0.7479166 0.324074 0.1375 0.1222222
0 0.6864583 0.3777777 0.0854166 0.074074
0 0.0927083 0.4981481 0.0895833 0.2629629
