0 0.590625 0.5111111 0.0729166 0.1111111
0 0.5625 0.6333333 0.1125 0.1703703
0 0.459375 0.8555555 0.1854166 0.2888888
0 0.290625 0.274074 0.0229166 0.037037
0 0.121875 0.3833333 0.0729166 0.0629629
0 0.1541666 0.3722222 0.0541666 0.0481481
0 0.16875 0.3537037 0.0708333 0.0481481
0 0.0854166 0.3611111 0.0583333 0.0555555
0 0.9510416 0.3277777 0.0520833 0.0481481
0 0.4583333 0.4203703 0.075 0.0851851
0 0.3770833 0.4648148 0.0833333 0.1074074
0 0.259375 0.287037 0.0354166 0.0481481
0 0.7322916 0.437037 0.04375 0.074074
0 0.7864583 0.4407407 0.01875 0.0444444
0 0.0979166 0.6722222 0.1958333 0.4333333
0 0.0572916 0.4055555 0.06875 0.0555555
0 0.0125 0.3851851 0.025 0.0666666
0 0.0104166 0.3666666 0.0208333 0.0222222
0 0.028125 0.3703703 0.0395833 0.0222222
