0 0.715625 0.6 0.1854166 0.1851851
1 0.5041666 0.4259259 0.1833333 0.2296296
0 0.3729166 0.3777777 0.0583333 0.0814814
0 0.340625 0.4129629 0.0645833 0.0851851
0 0.29375 0.4592592 0.0791666 0.1037037
0 0.4291666 0.75 0.3625 0.4851851
0 0.2333333 0.3925925 0.0583333 0.0888888
0 0.1864583 0.45 0.06875 0.1
0 0.1489583 0.3444444 0.0395833 0.0592592
0 0.3770833 0.3129629 0.0416666 0.0481481
0 0.3 0.2981481 0.0291666 0.0333333
0 0.26875 0.2962962 0.0333333 0.0444444
0 0.2395833 0.2925925 0.025 0.0296296
0 0.2135416 0.2925925 0.0270833 0.0296296
0 0.1958333 0.287037 0.025 0.0333333
0 0.1479166 0.2888888 0.0333333 0.0296296
0 0.1145833 0.2962962 0.025 0.037037
0 0.0625 0.2907407 0.0333333 0.0259259
1 0.7479166 0.3277777 0.1333333 0.1296296
2 0.48125 0.2851851 0.0625 0.074074
