1 0.7895833 0.2259259 0.05 0.0962962
0 0.60625 0.8407407 0.2708333 0.3185185
0 0.1666666 0.8407407 0.3333333 0.3185185
0 0.1583333 0.624074 0.25 0.2555555
0 0.53125 0.5037037 0.1666666 0.1851851
0 0.721875 0.3444444 0.06875 0.1037037
0 0.7114583 0.2685185 0.0520833 0.0629629
0 0.6364583 0.2629629 0.0604166 0.0666666
0 0.6583333 0.2055555 0.0375 0.0407407
0 0.7354166 0.2018518 0.025 0.0333333
0 0.7229166 0.1814814 0.0208333 0.0222222
0 0.390625 0.2092592 0.0770833 0.0777777
0 0.44375 0.1407407 0.0416666 0.037037
0 0.459375 0.1222222 0.0395833 0.0296296
0 0.5708333 0.1629629 0.0375 0.0444444
0 0.596875 0.1518518 0.0229166 0.0222222
0 0.6510416 0.1611111 0.0229166 0.0259259
0 0.640625 0.1481481 0.0229166 0.0222222
0 0.6614583 0.15 0.0145833 0.0185185
0 0.6708333 0.1518518 0.0125 0.0222222
0 0.6791666 0.15 0.0125 0.0185185
0 0.69375 0.1629629 0.0208333 0.0222222
0 0.75625 0.1759259 0.0166666 0.0185185
0 0.36875 0.1703703 0.0666666 0.0814814
