0 0.359375 0.1888888 0.0479166 0.074074
1 0.6072916 0.124074 0.0395833 0.1222222
0 0.4375 0.0796296 0.025 0.0333333
2 0.3895833 0.1166666 0.0666666 0.1296296
1 0.403125 0.0518518 0.0395833 0.0444444
0 0.1854166 0.1814814 0.0625 0.0814814
1 0.6770833 0.124074 0.0875 0.1222222
0 0.48125 0.1259259 0.0291666 0.0444444
0 0.5135416 0.1259259 0.0270833 0.0518518
0 0.3135416 0.0814814 0.0229166 0.037037
0 0.29375 0.1259259 0.0416666 0.1111111
1 0.2604166 0.2018518 0.1041666 0.2185185
0 0.2229166 0.1092592 0.05 0.0555555
