0 0.6916666 0.337037 0.0458333 0.0666666
0 0.70625 0.324074 0.0416666 0.0629629
0 0.7208333 0.3092592 0.0333333 0.0703703
0 0.7614583 0.3 0.0145833 0.0444444
0 0.76875 0.287037 0.0291666 0.0481481
0 0.784375 0.2814814 0.03125 0.0444444
0 0.7916666 0.274074 0.0291666 0.0444444
2 0.7427083 0.2907407 0.0270833 0.0629629
2 0.8010416 0.2629629 0.0229166 0.0518518
2 0.8197916 0.25 0.0270833 0.0555555
0 0.8395833 0.2537037 0.0208333 0.0333333
0 0.5010416 0.3388888 0.0520833 0.0629629
0 0.6145833 0.3018518 0.0375 0.0481481
0 0.86875 0.2537037 0.0208333 0.0259259
0 0.2427083 0.5796296 0.1145833 0.1666666
0 0.45625 0.4037037 0.0833333 0.0962962
0 0.759375 0.2425925 0.01875 0.0259259
0 0.7833333 0.25 0.0166666 0.0259259
0 0.8177083 0.2629629 0.01875 0.037037
0 0.5416666 0.3666666 0.0666666 0.074074
0 0.4354166 0.3666666 0.0666666 0.0814814
0 0.6302083 0.3296296 0.0479166 0.0592592
0 0.65625 0.2796296 0.0375 0.0851851
0 0.6864583 0.2796296 0.0270833 0.0333333
0 0.2802083 0.3907407 0.0729166 0.0925925
0 0.1041666 0.5111111 0.1375 0.1407407
0 0.7385416 0.2518518 0.01875 0.0222222
1 0.715625 0.25 0.03125 0.0555555
0 0.721875 0.45 0.0895833 0.1148148
0 0.7083333 0.2833333 0.0416666 0.0259259
0 0.953125 0.5481481 0.09375 0.1333333
0 0.0270833 0.5111111 0.0541666 0.1111111
0 0.6958333 0.2629629 0.0166666 0.037037
0 0.5302083 0.8537037 0.38125 0.2925925
