0 0.3197916 0.2129629 0.03125 0.0481481
0 0.3395833 0.2296296 0.0333333 0.0592592
2 0.359375 0.2444444 0.0395833 0.0666666
0 0.49375 0.4111111 0.1166666 0.1481481
0 0.6447916 0.6388888 0.2104166 0.3
0 0.3354166 0.1777777 0.0208333 0.0296296
0 0.35625 0.1944444 0.0291666 0.0333333
0 0.246875 0.1759259 0.0270833 0.0259259
1 0.2520833 0.1444444 0.0166666 0.0148148
0 0.24375 0.1592592 0.025 0.0222222
2 0.2791666 0.15 0.0166666 0.0259259
0 0.296875 0.1629629 0.0229166 0.0222222
0 0.3229166 0.1574074 0.0166666 0.0185185
0 0.3395833 0.1629629 0.0166666 0.0222222
0 0.3625 0.1648148 0.0208333 0.0185185
0 0.3770833 0.1629629 0.0166666 0.0222222
0 0.425 0.187037 0.025 0.0333333
0 0.4052083 0.1962962 0.03125 0.037037
0 0.4927083 0.237037 0.0479166 0.0518518
0 0.6197916 0.4314814 0.1270833 0.137037
0 0.8625 0.5129629 0.1375 0.137037
2 0.4229166 0.3111111 0.0833333 0.1259259
0 0.396875 0.2296296 0.04375 0.0518518
0 0.7364583 0.4018518 0.1479166 0.2407407
