2 0.8895833 0.7518518 0.2208333 0.4888888
2 0.803125 0.3592592 0.0645833 0.0814814
0 0.6854166 0.2592592 0.05 0.074074
0 0.5927083 0.2425925 0.04375 0.0407407
0 0.490625 0.2037037 0.03125 0.037037
0 0.4625 0.1796296 0.0208333 0.0259259
0 0.4229166 0.1629629 0.0125 0.0148148
0 0.41875 0.1888888 0.025 0.0296296
0 0.3666666 0.1592592 0.0166666 0.0222222
0 0.4052083 0.1574074 0.0104166 0.0185185
0 0.384375 0.3259259 0.06875 0.1037037
0 0.3583333 0.2407407 0.0416666 0.0518518
0 0.30625 0.1944444 0.025 0.0333333
0 0.3239583 0.1814814 0.01875 0.0296296
0 0.3270833 0.1666666 0.0166666 0.0222222
0 0.315625 0.1537037 0.0145833 0.0185185
1 0.26875 0.1851851 0.0375 0.074074
