0 0.5354166 0.55 0.1541666 0.2333333
0 0.4583333 0.337037 0.0875 0.0962962
1 0.275 0.2129629 0.05 0.1074074
0 0.3145833 0.2185185 0.0333333 0.0444444
0 0.3197916 0.1944444 0.0229166 0.0333333
0 0.33125 0.174074 0.0166666 0.0296296
0 0.3104166 0.1592592 0.0166666 0.0222222
2 0.6208333 0.2574074 0.0458333 0.0555555
0 0.5239583 0.2074074 0.03125 0.0296296
0 0.4489583 0.1833333 0.0229166 0.0259259
0 0.403125 0.1796296 0.01875 0.0259259
0 0.4395833 0.1685185 0.0166666 0.0259259
0 0.365625 0.1592592 0.0145833 0.0222222
0 0.078125 0.2777777 0.03125 0.0518518
0 0.0104166 0.374074 0.0208333 0.0444444
0 0.6395833 0.2351851 0.0416666 0.0703703
