0 0.0572916 0.5166666 0.0645833 0.0925925
0 0.1208333 0.4814814 0.0666666 0.0888888
0 0.0791666 0.4666666 0.0375 0.0666666
0 0.0947916 0.424074 0.0229166 0.0333333
2 0.028125 0.4666666 0.0520833 0.1185185
0 0.215625 0.4833333 0.0770833 0.0777777
2 0.2260416 0.3537037 0.09375 0.1
2 0.28125 0.3481481 0.0416666 0.0888888
1 0.153125 0.4296296 0.0979166 0.1333333
0 0.3291666 0.4481481 0.0541666 0.0444444
0 0.953125 0.3814814 0.09375 0.1111111
1 0.5229166 0.5518518 0.4791666 0.3111111
0 0.6958333 0.6611111 0.2416666 0.1814814
