0 0.1177083 0.2814814 0.0145833 0.0148148
0 0.1291666 0.2814814 0.0083333 0.0148148
2 0.5052083 0.2962962 0.10625 0.0888888
1 0.4395833 0.3925925 0.1291666 0.1851851
0 0.3572916 0.3851851 0.0395833 0.0814814
0 0.0854166 0.4148148 0.0625 0.1703703
0 0.11875 0.7666666 0.1458333 0.2518518
0 0.7645833 0.924074 0.2583333 0.1518518
1 0.3052083 0.3203703 0.0770833 0.1074074
1 0.8760416 0.3592592 0.1604166 0.1481481
0 0.8125 0.4425925 0.1083333 0.0851851
0 0.1989583 0.337037 0.0395833 0.0518518
0 0.140625 0.3296296 0.0354166 0.0444444
