0 0.834375 0.0777777 0.0354166 0.0518518
2 0.859375 0.0722222 0.0354166 0.0629629
0 0.7958333 0.0314814 0.025 0.0407407
0 0.8125 0.0518518 0.025 0.037037
0 0.1833333 0.1592592 0.0583333 0.0444444
0 0.0802083 0.2074074 0.0395833 0.0444444
0 0.0572916 0.1981481 0.03125 0.0407407
0 0.1197916 0.187037 0.0395833 0.0333333
1 0.1895833 0.324074 0.3791666 0.3592592
0 0.88125 0.1777777 0.1041666 0.0814814
0 0.990625 0.1722222 0.01875 0.0481481
0 0.9927083 0.2425925 0.0145833 0.0555555
0 0.2895833 0.1129629 0.1208333 0.1
2 0.5041666 0.1833333 0.3166666 0.2333333
