0 0.6916666 0.337037 0.0458333 0.0666666
0 0.70625 0.324074 0.0416666 0.0629629
0 0.7208333 0.3092592 0.0333333 0.0703703
0 0.7614583 0.3 0.0145833 0.0444444
0 0.76875 0.287037 0.0291666 0.0481481
0 0.784375 0.2814814 0.03125 0.0444444
0 0.7916666 0.2777777 0.0291666 0.0444444
2 0.7427083 0.2981481 0.0270833 0.0629629
2 0.8010416 0.2629629 0.0229166 0.0518518
2 0.8197916 0.25 0.0270833 0.0555555
0 0.8395833 0.2537037 0.0208333 0.0333333
0 0.5229166 0.3296296 0.05 0.0592592
0 0.628125 0.2944444 0.0354166 0.0407407
0 0.86875 0.2537037 0.0208333 0.0259259
0 0.25 0.5518518 0.1166666 0.1555555
0 0.4791666 0.3944444 0.0791666 0.0925925
0 0.7635416 0.2425925 0.01875 0.0259259
0 0.7833333 0.25 0.0166666 0.0259259
0 0.8177083 0.2629629 0.01875 0.037037
0 0.5541666 0.3629629 0.0666666 0.074074
0 0.4614583 0.3574074 0.0604166 0.0777777
0 0.63125 0.3314814 0.05 0.0555555
0 0.6947916 0.2759259 0.0270833 0.0333333
0 0.309375 0.3814814 0.06875 0.0814814
0 0.1760416 0.4796296 0.1229166 0.1296296
0 0.74375 0.2537037 0.0166666 0.0333333
1 0.725 0.25 0.0291666 0.0481481
0 0.7020833 0.2592592 0.0166666 0.037037
0 0.0572916 0.5 0.1145833 0.1259259
0 0.3895833 0.8222222 0.2958333 0.3555555
0 0.7322916 0.4666666 0.1020833 0.1259259
0 0.7135416 0.2796296 0.0395833 0.0333333
0 0.990625 0.5833333 0.01875 0.0925925
0 0.6625 0.2777777 0.0375 0.0814814
