0 0.1208333 0.3814814 0.075 0.0592592
0 0.1541666 0.3703703 0.0541666 0.0444444
0 0.1677083 0.35 0.06875 0.0481481
0 0.0822916 0.3611111 0.0604166 0.0555555
0 0.0322916 0.3777777 0.0479166 0.0518518
0 0.7 0.5703703 0.0791666 0.1407407
0 0.7302083 0.3351851 0.0645833 0.0555555
0 0.4958333 0.3796296 0.0666666 0.0777777
0 0.4197916 0.4055555 0.0729166 0.1444444
0 0.2166666 0.3222222 0.0541666 0.0444444
1 0.0760416 0.6574074 0.1520833 0.4851851
0 0.4604166 0.8537037 0.1916666 0.2925925
0 0.5614583 0.6333333 0.1104166 0.1777777
0 0.5916666 0.5111111 0.0708333 0.1111111
0 0.8229166 0.4185185 0.0833333 0.0814814
0 0.95 0.324074 0.05 0.0407407
0 0.2916666 0.274074 0.025 0.037037
