0 0.834375 0.0777777 0.0354166 0.0518518
2 0.859375 0.0722222 0.0354166 0.0629629
0 0.7958333 0.0314814 0.025 0.0407407
0 0.8125 0.0518518 0.025 0.037037
0 0.94375 0.1962962 0.0958333 0.0814814
0 0.1833333 0.1592592 0.0583333 0.0444444
0 0.0802083 0.2074074 0.0395833 0.0444444
0 0.0572916 0.1981481 0.03125 0.0407407
0 0.1197916 0.187037 0.0395833 0.0333333
1 0.1895833 0.324074 0.3791666 0.3592592
0 0.3229166 0.1296296 0.1208333 0.1333333
0 0.6645833 0.1481481 0.0333333 0.0888888
2 0.5229166 0.1962962 0.275 0.2074074
2 0.3979166 0.1351851 0.0375 0.0407407
