0 0.834375 0.0777777 0.0354166 0.0518518
2 0.859375 0.0722222 0.0354166 0.0629629
0 0.7958333 0.0314814 0.025 0.0407407
0 0.8125 0.0518518 0.025 0.037037
0 0.9302083 0.1148148 0.03125 0.0444444
0 0.9364583 0.1944444 0.09375 0.0777777
0 0.5916666 0.1462962 0.1375 0.0777777
0 0.3395833 0.1333333 0.0708333 0.037037
0 0.1822916 0.1629629 0.0604166 0.0444444
0 0.1052083 0.1796296 0.06875 0.0851851
1 0.2010416 0.3259259 0.4020833 0.3629629
0 0.05625 0.1962962 0.0291666 0.037037
2 0.665625 0.2129629 0.28125 0.2111111
