0 0.64375 0.6388888 0.2125 0.3
1 0.8583333 0.4629629 0.2125 0.2592592
0 0.4927083 0.4111111 0.1145833 0.1481481
0 0.5864583 0.2981481 0.0729166 0.0703703
2 0.4229166 0.3018518 0.0833333 0.137037
0 0.4447916 0.2129629 0.0479166 0.0851851
2 0.359375 0.2407407 0.0395833 0.074074
0 0.3958333 0.2259259 0.0416666 0.0518518
0 0.28125 0.2222222 0.0333333 0.0518518
0 0.3385416 0.2277777 0.03125 0.0629629
0 0.3208333 0.2092592 0.0333333 0.0481481
0 0.3989583 0.187037 0.0270833 0.0333333
0 0.3510416 0.1907407 0.0270833 0.0333333
0 0.25 0.1907407 0.0208333 0.0333333
0 0.3104166 0.1648148 0.025 0.0259259
0 0.359375 0.1629629 0.01875 0.0222222
0 0.2666666 0.1629629 0.025 0.0222222
1 0.2510416 0.1518518 0.01875 0.0296296
2 0.2791666 0.15 0.0166666 0.0259259
