1 0.1270833 0.0574074 0.0583333 0.0629629
0 0.065625 0.0722222 0.0229166 0.0185185
0 0.2104166 0.0648148 0.0291666 0.0333333
0 0.321875 0.1055555 0.0520833 0.0481481
2 0.0302083 0.5592592 0.0604166 0.3703703
0 0.9114583 0.224074 0.0229166 0.0407407
0 0.8833333 0.3129629 0.0416666 0.0703703
0 0.8125 0.2722222 0.0375 0.0629629
0 0.8395833 0.2574074 0.0333333 0.0629629
0 0.8479166 0.2388888 0.0333333 0.0555555
0 0.8625 0.2277777 0.0291666 0.0555555
0 0.8729166 0.2166666 0.025 0.0481481
0 0.8854166 0.2092592 0.0208333 0.0407407
0 0.8916666 0.1962962 0.0166666 0.0296296
0 0.896875 0.1925925 0.0145833 0.0296296
0 0.9041666 0.187037 0.0125 0.0259259
0 0.946875 0.4481481 0.10625 0.2444444
