1 0.684375 0.524074 0.3104166 0.3444444
0 0.4645833 0.4537037 0.0875 0.1074074
1 0.3958333 0.3666666 0.1125 0.1555555
0 0.2927083 0.4555555 0.0729166 0.1037037
0 0.4875 0.3333333 0.0541666 0.0518518
0 0.1854166 0.4462962 0.0625 0.0851851
0 0.203125 0.3537037 0.04375 0.0703703
0 0.275 0.3648148 0.0458333 0.0555555
0 0.2927083 0.3296296 0.0395833 0.0518518
0 0.30625 0.3037037 0.0333333 0.037037
0 0.2645833 0.2907407 0.0291666 0.0259259
0 0.2395833 0.2944444 0.0208333 0.0259259
0 0.2125 0.2944444 0.025 0.0259259
0 0.121875 0.3092592 0.0270833 0.0481481
0 0.1395833 0.2888888 0.0333333 0.0296296
0 0.1125 0.287037 0.0291666 0.0259259
0 0.1614583 0.6111111 0.1729166 0.3703703
1 0.7479166 0.3277777 0.1333333 0.1296296
2 0.4802083 0.2907407 0.0645833 0.0777777
