1 0.9083333 0.5277777 0.1833333 0.3
0 0.64375 0.637037 0.2125 0.3037037
0 0.615625 0.3166666 0.08125 0.0703703
0 0.4927083 0.4111111 0.11875 0.1481481
2 0.421875 0.3092592 0.0854166 0.1222222
0 0.453125 0.2166666 0.0520833 0.0925925
0 0.4041666 0.2296296 0.0416666 0.0518518
0 0.4083333 0.1907407 0.0291666 0.0333333
2 0.359375 0.2425925 0.0395833 0.0703703
0 0.3375 0.2277777 0.0291666 0.0555555
0 0.353125 0.1944444 0.0270833 0.0333333
0 0.3208333 0.2092592 0.0333333 0.0481481
0 0.2802083 0.2166666 0.03125 0.0481481
0 0.2479166 0.187037 0.0208333 0.0333333
0 0.3625 0.1629629 0.0208333 0.0296296
0 0.3145833 0.1648148 0.0208333 0.0259259
0 0.3364583 0.1555555 0.0145833 0.0222222
0 0.2729166 0.1629629 0.025 0.0222222
1 0.25 0.15 0.0166666 0.0333333
