0 0.359375 0.1888888 0.0479166 0.074074
0 0.1854166 0.1814814 0.0625 0.074074
0 0.4875 0.1277777 0.0583333 0.0481481
0 0.4385416 0.0722222 0.0229166 0.0259259
0 0.2010416 0.1111111 0.0604166 0.0518518
2 0.390625 0.1148148 0.0645833 0.1259259
2 0.4020833 0.0518518 0.0375 0.0444444
0 0.2802083 0.1148148 0.0479166 0.0592592
1 0.6072916 0.124074 0.04375 0.1444444
1 0.6427083 0.1351851 0.0229166 0.1296296
1 0.69375 0.1444444 0.05 0.1259259
0 0.2854166 0.0833333 0.0291666 0.0185185
0 0.284375 0.3166666 0.1604166 0.3592592
