0 0.65625 0.7314814 0.2208333 0.3444444
0 0.5333333 0.4092592 0.1208333 0.1296296
1 0.28125 0.2277777 0.0583333 0.1222222
0 0.3208333 0.2296296 0.0333333 0.0518518
0 0.31875 0.1962962 0.025 0.0296296
0 0.334375 0.1777777 0.01875 0.0296296
0 0.309375 0.1592592 0.0145833 0.0222222
0 0.365625 0.1592592 0.0145833 0.0222222
0 0.3989583 0.1759259 0.01875 0.0259259
0 0.4416666 0.1777777 0.0208333 0.0296296
0 0.5052083 0.2037037 0.03125 0.0296296
2 0.5822916 0.237037 0.0395833 0.0518518
0 0.625 0.2296296 0.0416666 0.0666666
