0 0.3322916 0.1555555 0.0145833 0.0148148
0 0.296875 0.1629629 0.0229166 0.0222222
0 0.3260416 0.1703703 0.01875 0.0222222
0 0.3677083 0.1703703 0.0229166 0.0518518
0 0.384375 0.174074 0.0145833 0.0296296
1 0.4166666 0.1814814 0.0416666 0.0518518
0 0.4208333 0.2166666 0.0333333 0.0407407
2 0.4239583 0.3129629 0.0854166 0.1
2 0.359375 0.2425925 0.0395833 0.0703703
0 0.3395833 0.2277777 0.0291666 0.0555555
0 0.31875 0.2111111 0.0291666 0.0444444
2 0.5552083 0.25 0.04375 0.0629629
0 0.7666666 0.3944444 0.0791666 0.0851851
0 0.6791666 0.4851851 0.1541666 0.1481481
0 0.4927083 0.4092592 0.1145833 0.1444444
0 0.6458333 0.6388888 0.2083333 0.3
0 0.2479166 0.2833333 0.0416666 0.0703703
0 0.5802083 0.8574074 0.28125 0.2851851
0 0.3135416 0.1666666 0.0229166 0.0222222
2 0.2145833 0.1888888 0.0166666 0.037037
