0 0.4864583 0.3111111 0.0604166 0.0444444
0 0.3854166 0.3 0.0458333 0.037037
0 0.3677083 0.274074 0.03125 0.0296296
0 0.4229166 0.3018518 0.05 0.0407407
1 0.1479166 0.3759259 0.0708333 0.1222222
0 0.978125 0.3518518 0.0354166 0.0592592
0 0.9739583 0.3685185 0.0270833 0.0407407
1 0.2166666 0.4259259 0.1333333 0.1925925
0 0.3270833 0.2814814 0.0375 0.037037
0 0.38125 0.337037 0.0583333 0.0518518
0 0.3083333 0.4333333 0.0625 0.1037037
0 0.3177083 0.3703703 0.08125 0.074074
0 0.515625 0.3666666 0.0979166 0.074074
0 0.6208333 0.3611111 0.1 0.0777777
0 0.9520833 0.5092592 0.0958333 0.1148148
1 0.590625 0.6851851 0.5895833 0.6296296
0 0.2864583 0.3092592 0.04375 0.0777777
0 0.3208333 0.3148148 0.0291666 0.037037
