0 0.8208333 0.8814814 0.2541666 0.237037
0 0.984375 0.5037037 0.03125 0.0518518
0 0.9052083 0.5222222 0.1270833 0.1185185
0 0.65625 0.5314814 0.1708333 0.1888888
1 0.2885416 0.2444444 0.0729166 0.1407407
0 0.33125 0.2444444 0.0333333 0.0592592
0 0.3208333 0.2037037 0.025 0.037037
0 0.3354166 0.1833333 0.0208333 0.0333333
0 0.309375 0.1611111 0.01875 0.0259259
0 0.365625 0.1592592 0.0145833 0.0222222
0 0.3958333 0.1759259 0.0166666 0.0259259
0 0.4333333 0.174074 0.0208333 0.0222222
0 0.490625 0.1962962 0.0270833 0.0296296
2 0.55 0.224074 0.0333333 0.0481481
0 0.6125 0.224074 0.0416666 0.0629629
