0 0.7885416 0.374074 0.05625 0.074074
0 0.2635416 0.5611111 0.1145833 0.1814814
0 0.7791666 0.3277777 0.0458333 0.0555555
0 0.246875 0.4259259 0.0979166 0.0888888
0 0.4947916 0.3907407 0.0770833 0.0851851
0 0.690625 0.3388888 0.04375 0.0703703
0 0.70625 0.3259259 0.0416666 0.0666666
0 0.7208333 0.3074074 0.0333333 0.074074
0 0.7614583 0.2944444 0.0145833 0.0407407
0 0.7697916 0.287037 0.03125 0.0333333
0 0.7864583 0.2814814 0.0354166 0.0518518
2 0.8 0.2629629 0.025 0.0592592
0 0.7604166 0.2648148 0.0208333 0.0259259
0 0.6875 0.2685185 0.025 0.0333333
0 0.8177083 0.2666666 0.0145833 0.037037
2 0.8208333 0.2574074 0.0208333 0.0407407
2 0.8197916 0.2314814 0.0270833 0.0185185
0 0.7552083 0.237037 0.01875 0.0222222
0 0.8395833 0.2537037 0.0208333 0.0407407
0 0.8697916 0.2518518 0.01875 0.0296296
1 0.8041666 0.2074074 0.0125 0.0222222
0 0.5458333 0.3185185 0.0583333 0.1111111
2 0.7416666 0.2944444 0.0375 0.0703703
0 0.6052083 0.3388888 0.0520833 0.0703703
0 0.6458333 0.2814814 0.0291666 0.037037
0 0.8239583 0.2166666 0.0145833 0.0185185
2 0.8208333 0.1962962 0.0166666 0.0296296
2 0.8916666 0.4796296 0.1166666 0.174074
1 0.5947916 0.2925925 0.05625 0.0888888
0 0.68125 0.2907407 0.0333333 0.0407407
0 0.540625 0.7407407 0.25625 0.2888888
0 0.7697916 0.2518518 0.0229166 0.037037
0 0.5114583 0.337037 0.01875 0.0296296
0 0.7229166 0.2574074 0.025 0.0333333
0 0.7895833 0.2425925 0.0166666 0.0259259
0 0.803125 0.2277777 0.01875 0.0185185
